# time	cmd_angle	cmd_speed	odom_v	odom_w	R_odom	imu_yaw_rate	R_imu	imu_ax	imu_ay
1779639452.872	   +0.0	  +0.0	 +0.0000	 +0.0000	      +inf	 -0.0008	      +inf	 +0.0075	 +0.0095
1779639452.972	   +0.0	  +0.0	 +0.0000	 +0.0000	      +inf	 -0.0008	      +inf	 +0.0087	 -0.0018
1779639453.072	   +0.0	  +0.0	 +0.0000	 +0.0000	      +inf	 +0.0005	      +inf	 -0.0063	 +0.0029
1779639453.172	   +0.0	  +0.0	 +0.0000	 +0.0000	      +inf	 +0.0001	      +inf	 -0.0040	 -0.0012
1779639453.272	   +0.0	  +0.0	 +0.0000	 +0.0000	      +inf	 +0.0005	      +inf	 -0.0077	 -0.0087
1779639453.372	   +0.0	  +0.0	 +0.0000	 +0.0000	      +inf	 -0.0004	      +inf	 -0.0094	 -0.0010
1779639453.472	   +0.0	  +0.0	 +0.0000	 +0.0000	      +inf	 -0.0004	      +inf	 +0.0078	 +0.0059
1779639453.572	   +0.0	  +0.0	 +0.0000	 +0.0000	      +inf	 +0.0008	      +inf	 +0.0069	 -0.0023
1779639453.672	   +0.0	  +0.0	 +0.0000	 +0.0000	      +inf	 -0.0006	      +inf	 +0.0080	 +0.0046
1779639453.772	   +0.0	  +0.0	 +0.0000	 +0.0000	      +inf	 +0.0004	      +inf	 -0.0002	 +0.0066
1779639453.872	   +0.0	  +0.0	 +0.0000	 +0.0000	      +inf	 +0.0010	      +inf	 -0.0077	 -0.0087
1779639453.972	   +0.0	  +0.0	 +0.0000	 +0.0000	      +inf	 -0.0003	      +inf	 +0.0027	 +0.0081
1779639454.072	   -5.0	  +0.0	 +0.0000	 +0.0000	      +inf	 -0.0006	      +inf	 +0.0075	 +0.0094
1779639454.172	   -5.0	  +1.0	 +0.0000	 -0.0000	      +inf	 +0.0009	      +inf	 +0.0092	 +0.0054
1779639454.272	   -5.0	  +1.0	 +0.0950	 -0.0033	   -28.489	 -0.0002	      +inf	 +2.0288	 +0.0088
1779639454.372	   -5.0	  +1.0	 +0.2609	 -0.0136	   -19.216	 -0.0023	  -115.781	 +1.1318	 -0.0041
1779639454.472	   -5.0	  +1.0	 +0.3971	 -0.0290	   -13.672	 -0.0043	   -93.017	 +0.4344	 +0.0057
1779639454.572	   -5.0	  +1.0	 +0.4453	 -0.0379	   -11.740	 -0.0019	  -234.535	 +0.2299	 +0.0084
1779639454.672	   -5.0	  +1.0	 +0.4677	 -0.0436	   -10.722	 +0.0053	   +87.845	 +0.1242	 +0.0020
1779639454.772	   -5.0	  +1.0	 +0.4764	 -0.0464	   -10.265	 -0.0018	  -266.315	 +0.0750	 -0.0066
1779639454.872	   -5.0	  +1.0	 +0.4909	 -0.0527	    -9.322	 -0.0038	  -129.406	 +0.0416	 -0.0041
1779639454.972	   -5.0	  +1.0	 +0.4933	 -0.0542	    -9.103	 +0.0013	  +383.098	 +0.0181	 +0.0056
1779639455.072	   -5.0	  +1.0	 +0.4968	 -0.0570	    -8.710	 -0.0014	  -355.504	 +0.0103	 -0.0046
1779639455.172	   -5.0	  +1.0	 +0.4979	 -0.0583	    -8.542	 +0.0042	  +119.413	 +0.0111	 -0.0072
1779639455.272	   -5.0	  +1.0	 +0.4988	 -0.0596	    -8.373	 +0.0014	  +365.326	 +0.0109	 -0.0071
1779639455.372	   -5.0	  +1.0	 +0.4995	 -0.0613	    -8.153	 -0.0050	  -100.692	 +0.0126	 +0.0095
1779639455.472	  -10.0	  +1.0	 +0.4997	 -0.0620	    -8.064	 +0.0003	      +inf	 +0.0074	 +0.0022
1779639455.572	  -10.0	  +2.0	 +0.4998	 -0.0731	    -6.839	 +0.0017	  +286.856	 -0.0039	 -0.0056
1779639455.672	  -10.0	  +2.0	 +0.6354	 -0.1080	    -5.884	 +0.0021	  +301.440	 +1.8286	 -0.0004
1779639455.772	  -10.0	  +2.0	 +0.8256	 -0.1628	    -5.071	 +0.0017	  +488.588	 +0.9775	 -0.0035
1779639455.872	  -10.0	  +2.0	 +0.8970	 -0.1912	    -4.693	 +0.0011	  +838.551	 +0.5792	 +0.0100
1779639455.972	  -10.0	  +2.0	 +0.9324	 -0.2088	    -4.465	 -0.0039	  -240.048	 +0.3273	 +0.0151
1779639456.072	  -10.0	  +2.0	 +0.9601	 -0.2261	    -4.246	 -0.0021	  -457.215	 +0.1696	 +0.0095
1779639456.172	  -10.0	  +2.0	 +0.9788	 -0.2417	    -4.050	 +0.0008	      +inf	 +0.1117	 +0.0132
1779639456.272	  -10.0	  +2.0	 +0.9875	 -0.2515	    -3.927	 -0.0018	  -545.162	 +0.0633	 +0.0152
1779639456.372	  -10.0	  +2.0	 +0.9926	 -0.2592	    -3.830	 +0.0026	  +378.555	 +0.0437	 +0.0063
1779639456.472	  -10.0	  +2.0	 +0.9971	 -0.2692	    -3.704	 -0.0026	  -386.113	 +0.0159	 +0.0080
1779639456.572	  -10.0	  +2.0	 +0.9974	 -0.2701	    -3.693	 +0.0030	  +337.396	 +0.0205	 +0.0054
1779639456.672	  -10.0	  +2.0	 +0.9990	 -0.2765	    -3.613	 +0.0072	  +137.956	 +0.0065	 +0.0025
1779639456.772	  -10.0	  +1.0	 +0.9994	 -0.2791	    -3.580	 +0.0037	  +271.430	 +0.0041	 +0.0075
1779639456.872	  -10.0	  +1.0	 +0.7046	 -0.1988	    -3.545	 -0.0009	      +inf	 -2.5508	 +0.0046
1779639456.972	  -10.0	  +1.0	 +0.5671	 -0.1608	    -3.526	 -0.0011	  -531.102	 -0.8471	 +0.0105
1779639457.072	  -10.0	  +1.0	 +0.5220	 -0.1487	    -3.510	 -0.0044	  -117.786	 -0.2694	 -0.0000
1779639457.172	  -10.0	  +1.0	 +0.5090	 -0.1455	    -3.499	 -0.0016	  -310.954	 -0.0813	 +0.0116
1779639457.272	  -10.0	  +1.0	 +0.5019	 -0.1440	    -3.485	 -0.0036	  -139.861	 -0.0185	 +0.0058
1779639457.372	  -10.0	  +1.0	 +0.5010	 -0.1440	    -3.480	 -0.0035	  -143.729	 -0.0110	 +0.0145
1779639457.472	  -10.0	  +1.0	 +0.5003	 -0.1441	    -3.471	 +0.0040	  +126.633	 -0.0019	 -0.0067
1779639457.572	  -10.0	  +1.0	 +0.5000	 -0.1444	    -3.463	 -0.0010	  -478.654	 -0.0017	 +0.0048
1779639457.672	  -10.0	  +1.0	 +0.5000	 -0.1446	    -3.459	 +0.0007	      +inf	 -0.0004	 -0.0008
1779639457.772	  -10.0	  +1.0	 +0.5000	 -0.1447	    -3.456	 -0.0008	      +inf	 -0.0088	 -0.0032
1779639457.872	  -10.0	  +1.0	 +0.5000	 -0.1449	    -3.452	 -0.0007	      +inf	 -0.0017	 +0.0106
1779639457.972	  -10.0	  +1.0	 +0.5000	 -0.1449	    -3.450	 +0.0047	  +105.359	 +0.0035	 +0.0063
1779639458.072	  -10.0	  +1.0	 +0.5000	 -0.1450	    -3.448	 -0.0052	   -96.056	 -0.0021	 +0.0156
1779639458.172	  -10.0	  +1.0	 +0.5000	 -0.1451	    -3.447	 +0.0033	  +149.754	 -0.0025	 +0.0010
1779639458.272	  -10.0	  +1.0	 +0.5000	 -0.1451	    -3.446	 -0.0016	  -310.403	 -0.0054	 -0.0013
1779639458.372	  -10.0	  +1.0	 +0.5000	 -0.1452	    -3.445	 +0.0013	  +385.295	 +0.0078	 -0.0016
1779639458.472	  -10.0	  +1.0	 +0.5000	 -0.1452	    -3.444	 -0.0039	  -126.634	 +0.0080	 +0.0109
1779639458.572	  -10.0	  +1.0	 +0.5000	 -0.1452	    -3.443	 +0.0001	      +inf	 +0.0000	 +0.0024
1779639458.672	  -10.0	  +1.0	 +0.5000	 -0.1452	    -3.443	 -0.0032	  -155.962	 +0.0010	 +0.0081
1779639458.772	  -10.0	  +1.0	 +0.5000	 -0.1452	    -3.442	 -0.0035	  -141.547	 -0.0016	 +0.0007
1779639458.872	  -10.0	  +1.0	 +0.5000	 -0.1453	    -3.442	 +0.0051	   +98.107	 +0.0028	 +0.0044
1779639458.972	  -10.0	  +1.0	 +0.5000	 -0.1453	    -3.442	 -0.0040	  -125.493	 +0.0068	 +0.0034
1779639459.072	  -10.0	  +1.0	 +0.5000	 -0.1453	    -3.442	 -0.0049	  -101.398	 +0.0069	 +0.0013
1779639459.172	  -10.0	  +1.0	 +0.5000	 -0.1453	    -3.442	 -0.0066	   -75.846	 -0.0065	 +0.0069
1779639459.272	  -10.0	  +1.0	 +0.5000	 -0.1453	    -3.441	 -0.0011	  -465.360	 -0.0084	 -0.0010
1779639459.372	  -10.0	  +1.0	 +0.5000	 -0.1453	    -3.441	 -0.0039	  -128.864	 +0.0020	 +0.0101
1779639459.472	  -10.0	  +1.0	 +0.5000	 -0.1453	    -3.441	 +0.0035	  +144.081	 +0.0043	 -0.0000
1779639459.572	  -10.0	  +1.0	 +0.5000	 -0.1453	    -3.441	 +0.0044	  +112.547	 +0.0007	 -0.0054
1779639459.672	  -10.0	  +1.0	 +0.5000	 -0.1453	    -3.441	 +0.0049	  +102.196	 +0.0016	 +0.0082
1779639459.772	  -10.0	  +1.0	 +0.5000	 -0.1453	    -3.441	 +0.0030	  +164.669	 -0.0068	 +0.0108
1779639459.872	  -10.0	  +1.0	 +0.5000	 -0.1453	    -3.441	 +0.0011	  +444.918	 +0.0052	 +0.0031
1779639459.972	  -10.0	  +1.0	 +0.5000	 -0.1453	    -3.441	 -0.0033	  -149.584	 -0.0042	 +0.0043
1779639460.072	  -10.0	  +1.0	 +0.5000	 -0.1453	    -3.441	 -0.0016	  -317.100	 +0.0058	 -0.0029
1779639460.172	  -10.0	  +1.0	 +0.5000	 -0.1453	    -3.441	 +0.0028	  +176.051	 -0.0040	 -0.0021
1779639460.272	  -10.0	  +1.0	 +0.5000	 -0.1453	    -3.441	 -0.0044	  -112.785	 +0.0043	 -0.0021
1779639460.372	  -10.0	  +1.0	 +0.5000	 -0.1453	    -3.441	 -0.0022	  -231.869	 +0.0087	 -0.0049
1779639464.032	  -10.0	  +1.0	 +0.5000	 -0.1453	    -3.441	 +0.0018	  +285.661	 -0.0034	 +0.0033
1779639464.072	  -10.0	  +1.0	 +0.5000	 -0.1453	    -3.441	 +0.0042	  +119.092	 +0.0085	 -0.0073
1779639464.172	  -10.0	  +1.0	 +0.5000	 -0.1453	    -3.441	 -0.0055	   -90.832	 +0.0095	 +0.0131
1779639464.272	  -10.0	  +1.0	 +0.5000	 -0.1453	    -3.441	 -0.0033	  -149.493	 -0.0084	 +0.0037
1779639464.372	  -10.0	  +1.0	 +0.5000	 -0.1453	    -3.441	 +0.0012	  +411.440	 -0.0038	 -0.0033
1779639464.472	  -10.0	  +1.0	 +0.5000	 -0.1453	    -3.441	 -0.0025	  -202.239	 +0.0032	 +0.0128
1779639464.572	  -10.0	  +1.0	 +0.5000	 -0.1453	    -3.441	 +0.0012	  +412.327	 -0.0046	 -0.0009
1779639464.672	  -10.0	  +1.0	 +0.5000	 -0.1453	    -3.441	 -0.0011	  -446.525	 +0.0042	 +0.0107
1779639464.772	  -10.0	  +1.0	 +0.5000	 -0.1453	    -3.441	 -0.0032	  -154.111	 +0.0096	 +0.0095
1779639464.872	  -10.0	  +1.0	 +0.5000	 -0.1453	    -3.441	 +0.0021	  +234.165	 +0.0060	 -0.0069
1779639464.972	  -10.0	  +1.0	 +0.5000	 -0.1453	    -3.441	 +0.0032	  +157.655	 +0.0037	 -0.0023
1779639465.072	  -10.0	  +1.0	 +0.5000	 -0.1453	    -3.441	 -0.0014	  -369.537	 +0.0037	 +0.0104
1779639465.172	  -10.0	  +1.0	 +0.5000	 -0.1453	    -3.441	 -0.0038	  -131.749	 +0.0096	 +0.0123
1779639465.272	  -10.0	  +1.0	 +0.5000	 -0.1453	    -3.441	 -0.0000	      +inf	 +0.0032	 +0.0002
1779639465.372	  -10.0	  +1.0	 +0.5000	 -0.1453	    -3.441	 -0.0042	  -118.677	 -0.0010	 +0.0111
1779639465.472	  -10.0	  +1.0	 +0.5000	 -0.1453	    -3.441	 +0.0007	      +inf	 -0.0040	 -0.0004
1779639465.572	  -10.0	  +1.0	 +0.5000	 -0.1453	    -3.441	 -0.0031	  -163.077	 -0.0053	 -0.0035
1779639465.672	  -10.0	  +1.0	 +0.5000	 -0.1453	    -3.441	 -0.0038	  -130.532	 +0.0068	 +0.0127
1779639465.772	  -10.0	  +1.0	 +0.5000	 -0.1453	    -3.441	 -0.0034	  -145.512	 -0.0020	 +0.0105
1779639465.872	  -10.0	  +1.0	 +0.5000	 -0.1453	    -3.441	 +0.0034	  +148.533	 -0.0006	 -0.0047
1779639465.972	  -10.0	  +1.0	 +0.5000	 -0.1453	    -3.441	 -0.0033	  -152.306	 -0.0021	 +0.0051
1779639466.073	  -10.0	  +1.0	 +0.5000	 -0.1453	    -3.441	 -0.0008	      +inf	 -0.0009	 +0.0066
1779639466.172	  -10.0	  +1.0	 +0.5000	 -0.1453	    -3.441	 +0.0011	  +440.158	 +0.0084	 -0.0019
1779639466.272	  -10.0	  +1.0	 +0.5000	 -0.1453	    -3.441	 +0.0038	  +130.467	 +0.0095	 +0.0061
1779639466.372	  -10.0	  +1.0	 +0.5000	 -0.1453	    -3.441	 +0.0001	      +inf	 -0.0064	 +0.0071
1779639466.472	  -10.0	  +1.0	 +0.5000	 -0.1453	    -3.441	 +0.0002	      +inf	 -0.0062	 +0.0022
1779639466.572	  -10.0	  +1.0	 +0.5000	 -0.1453	    -3.441	 -0.0022	  -224.763	 -0.0035	 +0.0045
1779639466.672	  -10.0	  +1.0	 +0.5000	 -0.1453	    -3.441	 -0.0011	  -448.168	 +0.0005	 +0.0039
1779639466.772	  -10.0	  +0.0	 +0.5000	 -0.1453	    -3.441	 -0.0021	  -240.207	 +0.0044	 +0.0135
1779639466.872	  -10.0	  +0.0	 +0.2560	 -0.0744	    -3.441	 -0.0024	  -105.586	 -2.5567	 +0.0048
1779639466.972	  -10.0	  +0.0	 +0.0839	 -0.0244	    -3.441	 +0.0019	   +43.716	 -0.8465	 -0.0054
1779639467.072	  -10.0	  +0.0	 +0.0275	 -0.0080	    -3.441	 +0.0010	      +inf	 -0.2726	 +0.0089
1779639467.172	  -10.0	  +0.0	 +0.0072	 -0.0021	    -3.441	 +0.0030	    +2.391	 -0.0848	 +0.0089
1779639467.272	  -10.0	  +0.0	 +0.0030	 -0.0009	      +inf	 -0.0021	    -1.410	 -0.0328	 +0.0060
1779639467.372	  -10.0	  +0.0	 +0.0008	 -0.0002	      +inf	 -0.0044	    -0.174	 -0.0006	 -0.0025
1779639467.472	  -10.0	  +0.0	 +0.0003	 -0.0001	      +inf	 +0.0019	    +0.135	 +0.0067	 -0.0045
1779639467.572	  -10.0	  +0.0	 +0.0000	 -0.0000	      +inf	 +0.0013	    +0.025	 -0.0065	 -0.0075
1779639467.672	  -10.0	  +0.0	 +0.0000	 -0.0000	      +inf	 +0.0044	    +0.006	 +0.0015	 -0.0048
1779639467.772	  -10.0	  +0.0	 +0.0000	 -0.0000	      +inf	 -0.0009	      +inf	 -0.0036	 -0.0079
1779639467.872	  -10.0	  +0.0	 +0.0000	 -0.0000	      +inf	 +0.0051	    +0.000	 -0.0015	 -0.0058
1779639467.972	  -10.0	  +0.0	 +0.0000	 -0.0000	      +inf	 +0.0030	    +0.000	 -0.0029	 -0.0046
1779639468.072	  -10.0	  +0.0	 +0.0000	 -0.0000	      +inf	 +0.0043	    +0.000	 -0.0050	 -0.0071
1779639468.172	  -10.0	  +0.0	 +0.0000	 -0.0000	      +inf	 -0.0006	      +inf	 -0.0030	 +0.0028
1779639468.272	  -10.0	  +0.0	 +0.0000	 -0.0000	      +inf	 -0.0023	    -0.000	 -0.0061	 +0.0067
1779639468.372	  -10.0	  +0.0	 +0.0000	 -0.0000	      +inf	 -0.0022	    -0.000	 -0.0014	 -0.0101
1779639468.472	  -10.0	  +0.0	 +0.0000	 -0.0000	      +inf	 +0.0013	    +0.000	 +0.0027	 -0.0008
1779639468.572	  -10.0	  +0.0	 +0.0000	 -0.0000	      +inf	 +0.0001	      +inf	 -0.0088	 -0.0046
1779639468.672	  -10.0	  +0.0	 +0.0000	 -0.0000	      +inf	 +0.0001	      +inf	+25.0075	 +0.0049
1779639468.772	  -10.0	  +0.0	 +2.0475	 -0.4606	    -4.445	 +0.0012	 +1763.839	+14.7514	 +0.0446
1779639468.872	  -10.0	  +0.0	 +3.5879	 -0.1930	   -18.594	 +0.0026	 +1360.880	 +7.0508	 +0.0136
1779639468.972	  -10.0	  +0.0	 +4.2495	 +5.2985	    +0.802	 +0.0033	 +1305.477	 +3.7473	 -0.4671
1779639469.072	  -10.0	  +0.0	 +4.5076	 -3.7684	    -1.196	 +0.0033	 +1357.288	 +2.4678	 -0.8426
1779639469.172	  -10.0	  +0.0	 +4.7093	 -0.6597	    -7.138	 -0.0029	 -1628.452	 +1.4583	 -1.2286
1779639469.272	  -10.0	  +0.0	 +4.8283	 +0.6087	    +7.932	 +0.0038	 +1282.444	 +0.8702	 -1.6531
1779639469.372	  -10.0	  +0.0	 +4.8986	 +2.1382	    +2.291	 -0.0044	 -1105.460	 +0.5043	 -1.9090
1779639469.472	  -10.0	  +0.0	 +4.9401	 +6.0676	    +0.814	 +0.0040	 +1248.658	 +0.3125	 -2.2061
1779639469.572	  -10.0	  +0.0	 +4.9768	 -7.3376	    -0.678	 -0.0041	 -1206.218	 +0.1366	 -2.4996
1779639469.672	  -10.0	  +0.0	 +4.9812	 -5.1784	    -0.962	 -0.0040	 -1237.654	 +0.1114	 -2.5686
1779639469.772	  -10.0	  +0.0	 +4.9910	 -2.5384	    -1.966	 +0.0039	 +1265.582	 +0.0560	 -2.7700
1779639469.872	  -10.0	  +0.0	 +4.9957	 -1.6145	    -3.094	 -0.0032	 -1543.072	 +0.0348	 -2.8664
1779639469.972	  -10.0	  +0.0	 +4.9979	 -1.1200	    -4.462	 -0.0044	 -1135.835	 +0.0257	 -2.9418
1779639470.072	  -10.0	  +0.0	 +4.9988	 -0.8843	    -5.653	 -0.0048	 -1050.751	 +0.0374	 -3.0108
1779639470.172	  -10.0	  +0.0	 +4.9992	 -0.7382	    -6.772	 -0.0054	  -934.291	 +0.0370	 -3.0239
1779639470.272	  -10.0	  +0.0	 +4.9995	 -0.5932	    -8.428	 +0.0029	 +1721.405	 +0.0245	 -3.1011
1779639470.372	  -10.0	  +0.0	 +4.9997	 -0.4791	   -10.436	 +0.0023	 +2147.082	 +0.0290	 -3.1365
1779639470.472	  -10.0	  +0.0	 +4.9998	 -0.3882	   -12.880	 +0.0018	 +2817.502	 +0.0272	 -3.1606
1779639470.572	  -10.0	  +0.0	 +4.9999	 -0.3152	   -15.863	 +0.0020	 +2557.653	-49.9698	 -3.1690
1779639470.672	  -10.0	  +0.0	 -0.3920	 +0.0201	   -19.508	 +0.0032	  -123.822	-46.0778	 -0.1075
1779639470.772	  -10.0	  +0.0	 -4.2269	 +0.1559	   -27.114	 +0.0006	      +inf	 -7.7299	 -2.2822
1779639470.872	  -10.0	  +0.0	 -4.8379	 -1.8115	    +2.671	 -0.0043	 +1114.845	 -2.0288	 -2.0830
1779639470.972	  -10.0	  +0.0	 -4.9469	 +4.1575	    -1.190	 -0.0045	 +1101.265	 -0.5348	 -1.0620
1779639471.072	  -10.0	  +0.0	 -4.9826	 -1.0451	    +4.768	 +0.0036	 -1391.418	 -0.1751	 -0.2775
1779639471.172	  -10.0	  +0.0	 -4.9943	 +1.9227	    -2.598	 -0.0041	 +1231.482	 -0.0521	 +0.3169
1779639471.272	  -10.0	  +0.0	 -4.9985	 -4.8095	    +1.039	 +0.0041	 -1217.175	 -0.0263	 +0.8735
1779639471.372	  -10.0	  +0.0	 -4.9996	 -0.4866	   +10.275	 -0.0040	 +1239.943	 -0.0074	 +1.4247
1779639471.472	  -10.0	  +0.0	 -3.6448	 +0.5915	    -6.162	 +0.0041	  -879.836	+18.2179	 +0.9557
1779639471.572	  -10.0	  +0.0	 -2.3914	 -1.8451	    +1.296	 +0.0020	 -1209.623	+35.7640	 +0.1859
1779639471.673	  -10.0	  +0.0	 +0.3074	 -0.0689	    -4.462	 +0.0017	  +177.189	+23.4573	 +0.0322
1779639471.772	  -10.0	  +0.0	 +3.1820	-172.3030	    -0.018	 +0.0035	  +897.453	 +9.0868	 -0.3099
1779639471.872	  -10.0	  +0.0	 +3.8072	 -1.7497	    -2.176	 -0.0042	  -901.535	 +5.9598	 -0.6488
1779639471.972	  -10.0	  +0.0	 +4.3661	 +0.0237	  +184.450	 +0.0052	  +832.460	 +2.8417	 -1.3147
1779639472.072	  -10.0	  +0.0	 +4.6631	 +1.5492	    +3.010	 -0.0074	  -628.783	 +1.6773	 -1.6519
1779639472.172	  -10.0	  +0.0	 +4.8011	 +4.2360	    +1.133	 +0.0073	  +654.857	 +1.0033	 -2.0466
1779639472.272	  -10.0	  +0.0	 +4.8825	+34.1990	    +0.143	 -0.0081	  -600.335	 +0.5897	 -2.2310
1779639472.372	  -10.0	  +0.0	 +4.9306	 -7.9389	    -0.621	 -0.0078	  -630.201	 +0.3291	 -2.4562
1779639472.472	  -10.0	  +0.0	 +4.9590	 -3.7319	    -1.329	 -0.0075	  -660.030	 +0.2210	 -2.5878
1779639472.572	  -10.0	  +0.0	 +4.9758	 -2.4196	    -2.056	 +0.0085	  +585.089	 +0.1401	 -2.7833
1779639472.672	  -10.0	  +0.0	 +0.8352	 -0.2341	    -3.568	 +0.0046	  +182.361	 -8.3490	 -0.1425
1779639472.772	  -10.0	  +0.0	 -1.5263	 -0.5689	    +2.683	 -0.0011	 +1331.170	-34.7185	 -0.2427
1779639472.872	  -10.0	  +0.0	 -3.8617	 +3.2611	    -1.184	 +0.0060	  -642.623	-11.3680	 -0.6297
1779639472.972	  -10.0	  +0.0	 -4.7613	 +0.0932	   -51.072	 -0.0090	  +529.380	 -2.3845	 -0.0456
1779639473.072	  -10.0	  +0.0	 -4.9374	+11.6777	    -0.423	 +0.0083	  -597.062	 -0.7660	 +0.5892
1779639473.172	  -10.0	  +0.0	 -4.9680	 -4.7672	    +1.042	 -0.0084	  +588.097	 -0.2532	 +1.0048
1779639473.272	  -10.0	  +0.0	 -4.9895	 -0.7942	    +6.282	 +0.0075	  -663.397	 -0.0814	 +1.4818
1779639473.372	  -10.0	  +0.0	 -4.9972	 +0.8124	    -6.151	 -0.0085	  +590.288	 -0.0247	 +1.7492
1779639473.472	  -10.0	  +0.0	 -4.9991	 +2.4930	    -2.005	 +0.0085	  -591.079	 -0.0242	 +2.0845
1779639473.572	  -10.0	  +0.0	 -4.9997	 +7.4818	    -0.668	 -0.0072	  +697.948	 -0.0130	 +2.2329
1779639473.672	  -10.0	  +0.0	 -4.9999	-25.9079	    +0.193	 +0.0081	  -617.986	 -0.0194	 +2.4812
1779639473.772	  -10.0	  +0.0	 -5.0000	 -3.0680	    +1.630	 -0.0083	  +601.471	 -0.0240	 +2.6534
1779639473.872	  -10.0	  +0.0	 -5.0000	 -3.0680	    +1.630	 -0.0083	  +602.536	 -0.0256	 +2.7025
1779639473.972	  -10.0	  +0.0	 -3.2805	 -0.9645	    +3.401	 -0.0004	      +inf	+18.2075	 +1.5636
1779639474.072	  -10.0	  +0.0	 -0.9871	 +0.1242	    -7.950	 -0.0038	  +263.023	+33.2544	 +0.2733
1779639474.172	  -10.0	  +0.0	 +1.4647	 +7.3857	    +0.198	 +0.0038	  +389.828	+15.8957	 +0.1372
1779639474.272	  -10.0	  +0.0	 +3.1212	 +0.0919	   +33.972	 +0.0068	  +457.421	+10.4187	 +0.0643
1779639474.372	  -10.0	  +0.0	 +3.6303	 +1.4633	    +2.481	 -0.0011	 -3454.609	 +6.1526	 -0.2577
1779639474.472	  -10.0	  +0.0	 +4.1912	 -7.0723	    -0.593	 +0.0005	      +inf	 +3.6304	 -0.7106
1779639474.572	  -10.0	  +0.0	 +4.5702	 -0.6983	    -6.545	 +0.0029	 +1553.120	 +2.1483	 -1.1843
1779639474.672	  -10.0	  +0.0	 +4.7462	 +0.5511	    +8.612	 -0.0041	 -1146.156	 +1.2609	 -1.5393
1779639474.772	  -10.0	  +0.0	 +4.8907	 +3.6526	    +1.339	 +0.0036	 +1372.400	 +0.4935	 -2.1151
1779639474.872	  -10.0	  +0.0	 +4.9115	 +5.7354	    +0.856	 -0.0031	 -1565.813	 +0.4443	 -2.1279
1779639474.972	  -10.0	  +0.0	 +4.9657	 -7.6379	    -0.650	 -0.0048	 -1035.683	 +0.1641	 -2.5096
1779639475.072	  -10.0	  +0.0	 +4.9798	 -3.6683	    -1.358	 +0.0048	 +1042.018	 +0.1025	 -2.6836
1779639475.172	  -10.0	  +0.0	 +4.9892	 -2.2272	    -2.240	 -0.0048	 -1049.225	 +0.0734	 -2.7709
1779639475.272	  -10.0	  +0.0	 +4.9949	 -1.4608	    -3.419	 -0.0031	 -1623.719	 +0.0535	 -2.8692
1779639475.372	  -10.0	  +0.0	 +4.9970	 -1.1306	    -4.420	 -0.0044	 -1124.202	 +0.0437	 -2.9495
1779639475.472	  -10.0	  +0.0	 +3.1983	 -0.6266	    -5.104	 +0.0022	 +1427.559	-31.9623	 -1.2839
1779639475.572	  -10.0	  +0.0	 -2.5227	 -0.0974	   +25.897	 +0.0018	 -1427.645	-30.9520	 -0.3262
1779639475.672	  -10.0	  +0.0	 -3.4146	 +1.0388	    -3.287	 -0.0010	 +3280.381	-15.8469	 -0.6568
1779639475.772	  -10.0	  +0.0	 -4.4805	 -2.1302	    +2.103	 +0.0002	      +inf	 -6.4880	 -0.5008
1779639475.872	  -10.0	  +0.0	 -4.9303	 +7.9765	    -0.618	 +0.0007	      +inf	 -0.8708	 +0.5128
1779639475.972	  -10.0	  +0.0	 -4.9643	 -5.8214	    +0.853	 -0.0004	      +inf	 -0.4362	 +0.8293
1779639476.072	  -10.0	  +0.0	 -4.9925	 -0.3069	   +16.266	 +0.0008	      +inf	 -0.0540	 +1.5674
1779639476.172	  -10.0	  +0.0	 -4.9975	 +0.9797	    -5.101	 -0.0009	      +inf	 -0.0259	 +1.8715
1779639476.272	  -10.0	  +0.0	 -4.9992	 +2.8056	    -1.782	 +0.0008	      +inf	 -0.0204	 +2.1282
1779639476.372	  -10.0	  +0.0	 -4.9998	+13.8449	    -0.361	 +0.0000	      +inf	 -0.0178	 +2.3306
1779639476.472	  -10.0	  +0.0	 -3.6449	+27.4019	    -0.133	 -0.0046	  +786.446	+18.2225	 +1.2741
1779639476.572	  -10.0	  +0.0	 -0.2140	 -0.1039	    +2.061	 -0.0031	   +68.925	+26.0710	 +0.0622
1779639476.672	  -10.0	  +0.0	 +2.2291	 -0.3814	    -5.845	 +0.0013	 +1664.614	+15.3909	 +0.0950
1779639476.772	  -10.0	  +0.0	 +2.9800	 +0.4577	    +6.510	 +0.0006	      +inf	 +9.0759	 -0.0903
1779639476.872	  -10.0	  +0.0	 +3.9265	-19.3057	    -0.203	 +0.0077	  +508.424	 +5.3624	 -0.5174
1779639476.972	  -10.0	  +0.0	 +4.4865	 -0.6318	    -7.101	 -0.0042	 -1068.864	 +2.5561	 -1.1119
1779639477.072	  -10.0	  +0.0	 +4.7544	 +1.1053	    +4.302	 -0.0029	 -1665.358	 +1.3686	 -1.5851
1779639477.172	  -10.0	  +0.0	 +4.8210	 +2.0997	    +2.296	 -0.0037	 -1303.852	 +0.9064	 -1.8615
1779639477.272	  -10.0	  +0.0	 +4.8943	 +5.9932	    +0.817	 +0.0029	 +1660.285	 +0.5355	 -2.1640
1779639477.372	  -10.0	  +0.0	 +4.9376	-60.6076	    -0.081	 -0.0039	 -1276.238	 +0.3249	 -2.3427
1779639477.472	  -10.0	  +0.0	 +4.9631	 -6.0602	    -0.819	 -0.0025	 -1990.655	 +0.1926	 -2.5507
1779639477.572	  -10.0	  +0.0	 +2.7902	 -1.6704	    -1.670	 -0.0023	 -1201.347	+12.2925	 -0.7488
1779639477.672	  -10.0	  +0.0	 +3.9431	 -1.4336	    -2.750	 -0.0042	  -931.847	 +5.2984	 -1.7794
1779639477.772	  -10.0	  +0.0	 +4.2295	 -1.2933	    -3.270	 -0.0034	 -1247.596	 +4.2892	 -1.9844
1779639477.872	  -10.0	  +0.0	 +0.9177	 -0.1782	    -5.149	 +0.0033	  +278.633	-11.4572	 -0.2172
1779639477.972	  -10.0	  +0.0	 -2.6513	 +4.0576	    -0.653	 -0.0004	      +inf	-23.4922	 -0.7471
1779639478.072	  -10.0	  +0.0	 -4.2304	 +0.4336	    -9.757	 -0.0019	 +2190.163	 -6.1562	 -1.0199
1779639478.172	  -10.0	  +0.0	 -4.7478	 -4.8417	    +0.981	 +0.0034	 -1386.469	 -2.0098	 -0.4386
1779639478.272	  -10.0	  +0.0	 -4.9339	 +0.9004	    -5.480	 -0.0027	 +1852.115	 -0.6514	 +0.1626
1779639478.372	  -10.0	  +0.0	 -4.9783	+32.2030	    -0.155	 +0.0027	 -1825.597	 -0.2194	 +0.7476
1779639478.472	  -10.0	  +0.0	 -3.6369	 -0.9855	    +3.690	 -0.0043	  +836.955	+20.1994	 +0.7534
1779639478.572	  -10.0	  +0.0	 -2.1476	 -0.3714	    +5.782	 +0.0008	      +inf	+11.9222	 +0.3591
1779639478.672	  -10.0	  +0.0	 +1.4183	 -0.1277	   -11.110	 -0.0010	      +inf	+19.9013	 +0.0276
1779639478.772	  -10.0	  +0.0	 +2.8851	 +1.7190	    +1.678	 +0.0015	 +1885.144	+10.5717	 -0.1508
1779639478.872	  -10.0	  +0.0	 +3.6124	 -6.8539	    -0.527	 -0.0023	 -1546.190	 +6.2308	 -0.5300
1779639478.972	  -10.0	  +0.0	 +4.3363	 -0.4307	   -10.068	 +0.0029	 +1513.631	 +3.3142	 -1.1004
1779639479.072	  -10.0	  +0.0	 +4.6081	 +0.7396	    +6.231	 -0.0028	 -1657.173	 +1.9642	 -1.5053
1779639479.172	  -10.0	  +0.0	 +4.8126	 +3.4970	    +1.376	 -0.0038	 -1268.796	 +1.0400	 -1.8966
1779639479.272	  -10.0	  +0.0	 +4.8634	 +7.1923	    +0.676	 -0.0034	 -1431.294	 +0.6905	 -2.1212
1779639479.372	  -10.0	  +0.0	 +4.9274	-14.5683	    -0.338	 +0.0029	 +1703.327	 +0.4130	 -2.3821
1779639479.472	  -10.0	  +0.0	 +4.9571	 -4.6943	    -1.056	 -0.0030	 -1659.438	 +0.2597	 -2.5315
1779639479.572	  -10.0	  +0.0	 +4.9719	 -3.0615	    -1.624	 +0.0043	 +1143.552	 +0.1589	 -2.6964
1779639479.672	  -10.0	  +0.0	 +4.9879	 -1.7413	    -2.864	 -0.0047	 -1055.248	 +0.0807	 -2.8380
1779639479.772	  -10.0	  +0.0	 +4.9928	 -1.3230	    -3.774	 -0.0031	 -1622.553	 +0.0633	 -2.9098
1779639479.872	  -10.0	  +0.0	 +4.9962	 -0.9851	    -5.072	 +0.0039	 +1281.813	 +0.0404	 -3.0024
1779639479.972	  -10.0	  +0.0	 +4.9982	 -0.7166	    -6.975	 -0.0031	 -1636.253	 +0.0440	 -3.0248
1779639480.072	  -10.0	  +0.0	 +4.9989	 -0.5763	    -8.674	 -0.0035	 -1427.265	 +0.0277	 -3.0683
1779639480.172	  -10.0	  +0.0	 +4.9994	 -0.4657	   -10.735	 +0.0032	 +1540.734	 +0.0359	 -3.1358
1779639480.272	  -10.0	  +0.0	 +4.9996	 -0.3775	   -13.245	 -0.0031	 -1608.464	 +0.0318	 -3.1179
1779639480.372	  -10.0	  +0.0	 +4.9998	 -0.3066	   -16.308	 +0.0033	 +1533.630	 +0.0286	 -3.1830
1779639480.472	  -10.0	  +0.0	 +4.9999	 -0.2393	   -20.897	 -0.0031	 -1614.370	 +0.0157	 -3.1675
1779639480.572	  -10.0	  +0.0	 +4.9999	 -0.2115	   -23.644	 +0.0043	 +1166.962	 +0.0341	 -3.2178
1779639480.672	  -10.0	  +0.0	 +5.0000	 -0.1462	   -34.208	 +0.0043	 +1157.328	 +0.0328	 -3.2184
1779639480.772	  -10.0	  +0.0	 +5.0000	 -0.1403	   -35.638	 +0.0043	 +1157.832	 +0.0204	 -3.2235
1779639480.872	  -10.0	  +0.0	 +5.0000	 -0.0895	   -55.892	 -0.0033	 -1503.193	 +0.0295	 -3.1987
1779639480.972	  -10.0	  +0.0	 +5.0000	 -0.0729	   -68.564	 +0.0043	 +1159.941	 +0.0304	 -3.2446
1779639481.072	  -10.0	  +0.0	 +5.0000	 -0.0595	   -84.101	 +0.0037	 +1343.177	 +0.0172	 -3.2544
1779639481.172	  -10.0	  +0.0	 +5.0000	 -0.0485	  -103.154	 +0.0025	 +1970.317	 +0.0333	 -3.2481
1779639481.272	  -10.0	  +0.0	 +5.0000	 -0.0379	  -131.799	 +0.0033	 +1503.360	 +0.0286	 -3.2440
1779639481.372	  -10.0	  +0.0	 +5.0000	 -0.0309	  -161.647	 -0.0035	 -1423.534	 +0.0277	 -3.2117
1779639481.472	  -10.0	  +0.0	 +5.0000	 -0.0252	  -198.248	 -0.0037	 -1368.550	 +0.0346	 -3.2094
1779639481.572	  -10.0	  +0.0	 +5.0000	 -0.0206	  -243.149	 -0.0035	 -1413.310	 +0.0182	 -3.2251
1779639481.672	  -10.0	  +0.0	 +5.0000	 -0.0161	  -310.652	 -0.0042	 -1196.017	 +0.0218	 -3.2148
1779639481.772	  -10.0	  +0.0	 +5.0000	 -0.0142	  -351.096	 +0.0031	 +1587.708	 +0.0318	 -3.2586
1779639481.872	  -10.0	  +0.0	 +5.0000	 -0.0099	  -507.013	 +0.0035	 +1418.853	 +0.0212	 -3.2607
1779639481.972	  -10.0	  +0.0	 +5.0000	 -0.0074	  -674.788	 +0.0039	 +1267.759	 +0.0224	 -3.2591
1779639482.072	  -10.0	  +0.0	 +5.0000	 -0.0060	  -827.389	 +0.0037	 +1364.189	 +0.0346	 -3.2545
1779639482.172	  -10.0	  +0.0	 +5.0000	 -0.0049	 -1014.756	 -0.0034	 -1453.899	 +0.0306	 -3.2181
1779639482.272	  -10.0	  +0.0	 +5.0000	 -0.0040	 -1244.559	 +0.0037	 +1338.627	 +0.0173	 -3.2676
1779639482.372	  -10.0	  +0.0	 +5.0000	 -0.0031	 -1589.890	 -0.0036	 -1379.580	 +0.0258	 -3.2206
1779639482.472	  -10.0	  +0.0	 +5.0000	 -0.0027	 -1871.364	 +0.0031	 +1597.945	 +0.0348	 -3.2605
1779639482.572	  -10.0	  +0.0	 +5.0000	 -0.0020	 -2489.929	 +0.0035	 +1417.101	 +0.0206	 -3.2690
1779639482.672	  -10.0	  +0.0	 +5.0000	 -0.0015	 -3312.756	 +0.0031	 +1629.641	 +0.0257	 -3.2628
1779639482.772	  -10.0	  +0.0	 +5.0000	 -0.0012	 -4059.108	 +0.0028	 +1779.029	 +0.0184	 -3.2691
1779639482.872	  -10.0	  +0.0	 +5.0000	 -0.0009	      +inf	 -0.0036	 -1388.106	 +0.0269	 -3.2336
1779639482.972	  -10.0	  +0.0	 +5.0000	 -0.0009	      +inf	 -0.0041	 -1215.449	 +0.0306	 -3.2213
1779639483.072	  -10.0	  +0.0	 +5.0000	 -0.0006	      +inf	 +0.0035	 +1429.835	 +0.0316	 -3.2685
1779639483.172	  -10.0	  +0.0	 +5.0000	 -0.0005	      +inf	 -0.0035	 -1434.666	 +0.0177	 -3.2155
1779639483.272	  -10.0	  +0.0	 +5.0000	 -0.0004	      +inf	 +0.0036	 +1400.035	 +0.0305	 -3.2594
1779639483.372	  -10.0	  +0.0	 +5.0000	 -0.0003	      +inf	 -0.0033	 -1530.271	 +0.0170	 -3.2318
1779639483.472	  -10.0	  +0.0	 +5.0000	 -0.0003	      +inf	 -0.0047	 -1066.074	 +0.0279	 -3.2233
1779639483.572	  -10.0	  +0.0	 +5.0000	 -0.0002	      +inf	 -0.0042	 -1180.049	 +0.0197	 -3.2349
1779639483.672	  -10.0	  +0.0	 +5.0000	 -0.0002	      +inf	 -0.0033	 -1523.485	 +0.0205	 -3.2202
1779639483.772	  -10.0	  +0.0	 +5.0000	 -0.0001	      +inf	 +0.0026	 +1894.635	 +0.0231	 -3.2658
1779639483.872	  -10.0	  +0.0	 +5.0000	 -0.0001	      +inf	 +0.0037	 +1344.861	 +0.0259	 -3.2640
1779639483.972	  -10.0	  +0.0	 +5.0000	 -0.0001	      +inf	 +0.0031	 +1601.613	 +0.0272	 -3.2690
1779639484.072	  -10.0	  +0.0	 +5.0000	 -0.0001	      +inf	 -0.0029	 -1738.759	 +0.0264	 -3.2155
1779639484.172	  -10.0	  +0.0	 +5.0000	 -0.0001	      +inf	 +0.0042	 +1187.549	 +0.0292	 -3.2584
1779639484.272	  -10.0	  +0.0	 +5.0000	 -0.0000	      +inf	 -0.0033	 -1528.244	 +0.0342	 -3.2290
1779639484.372	  -10.0	  +0.0	 +5.0000	 -2.7768	    -1.801	 +0.0033	 +1492.606	 +0.0245	 -2.9059
1779639484.472	  -10.0	  +0.0	 +3.2000	 +2.9423	    +1.088	 +0.0031	 +1041.662	-31.9996	 -0.9841
1779639484.572	  -10.0	  +0.0	 +1.0486	 +0.1072	    +9.784	 +0.0008	      +inf	-13.0942	 -0.2028
1779639484.672	  -10.0	  +0.0	 +0.2199	 -0.0818	    -2.689	 +0.0018	  +120.834	 -2.1903	 -0.0708
1779639484.772	  -10.0	  +0.0	 +0.0576	 -0.1380	    -0.418	 +0.0022	   +25.886	 -0.5780	 -0.0382
1779639484.872	  -10.0	  +0.0	 +0.0461	 -0.2597	    -0.178	 +0.0026	   +18.037	 -0.3717	 -0.0304
1779639484.972	  -10.0	  +0.0	 +0.0062	 +0.0034	    +1.811	 +0.0009	      +inf	 -0.0553	 -0.0172
1779639485.072	  -10.0	  +0.0	 +0.0013	 +0.0003	      +inf	 +0.0021	    +0.616	 -0.0199	 -0.0271
1779639485.172	  -10.0	  +0.0	 +0.0004	 +0.0001	      +inf	 +0.0005	      +inf	 -0.0106	 -0.0073
1779639485.272	  -10.0	  +0.0	 +0.0001	 +0.0000	      +inf	 -0.0007	      +inf	 +0.0075	 -0.0035
1779639485.372	  -10.0	  +0.0	 +0.0000	 -0.0000	      +inf	 +0.0025	    +0.015	 +0.0048	 -0.0046
1779639485.472	  -10.0	  +0.0	 +0.0000	 -0.0000	      +inf	 +0.0019	    +0.006	 -0.0082	 -0.0093
1779639485.572	  -10.0	  +0.0	 +0.0000	 -0.0000	      +inf	 +0.0002	      +inf	 +0.0039	 -0.0072
1779639485.672	  -10.0	  +0.0	 +0.0000	 -0.0000	      +inf	 +0.0004	      +inf	 -0.0002	 -0.0021
1779639485.772	  -10.0	  +0.0	 +0.0000	 -0.0000	      +inf	 +0.0006	      +inf	 +0.0076	 +0.0044
1779639485.872	  -10.0	  +0.0	 +0.0000	 -0.0000	      +inf	 +0.0024	    +0.000	 +0.0037	 +0.0036
1779639485.972	  -10.0	  +0.0	 +0.0000	 -0.0000	      +inf	 -0.0000	      +inf	 -0.0071	 -0.0056
1779639486.072	  -10.0	  +0.0	 +0.0000	 -0.0000	      +inf	 -0.0007	      +inf	 -0.0003	 -0.0100
1779639486.172	  -10.0	  +0.0	 +0.0000	 -0.0000	      +inf	 +0.0032	    +0.000	 +0.0022	 +0.0063
1779639486.272	  -10.0	  +0.0	 +0.0000	 -0.0000	      +inf	 -0.0050	    -0.000	 +0.0038	 +0.0069
1779639486.372	  -10.0	  +0.0	 +0.0000	 -0.0000	      +inf	 -0.0006	      +inf	 +0.0087	 -0.0051
1779639486.472	  -10.0	  +0.0	 +0.0000	 -0.0000	      +inf	 -0.0019	    -0.000	 -0.0002	 -0.0018
1779639486.572	  -10.0	  +0.0	 +0.0000	 -0.0000	      +inf	 -0.0080	    -0.000	 -0.0074	 +0.0029
1779639486.672	  -10.0	  +0.0	 +0.0000	 -0.0000	      +inf	 +0.0008	      +inf	 +0.0048	 +0.0040
1779639486.772	  -10.0	  +0.0	 +0.0000	 -0.0000	      +inf	 +0.0042	    +0.000	 -0.0098	 -0.0044
1779639486.872	  -10.0	  +0.0	 +0.0000	 -0.0000	      +inf	 -0.0002	      +inf	 +0.0087	 +0.0026
1779639486.972	  -10.0	  +0.0	 +0.0000	 -0.0000	      +inf	 -0.0051	    -0.000	 +0.0090	 +0.0016
1779639487.072	  -10.0	  +0.0	 +0.0000	 -0.0000	      +inf	 -0.0017	    -0.000	 +0.0063	 +0.0028
1779639487.172	  -10.0	  +0.0	 +0.0000	 -0.0000	      +inf	 -0.0013	    -0.000	 +0.0045	 -0.0008
1779639487.272	  -10.0	  +0.0	 +0.0000	 -0.0000	      +inf	 +0.0021	    +0.000	 -0.0057	 -0.0038
1779639487.372	  -10.0	  +0.0	 +0.0000	 -0.0000	      +inf	 -0.0012	    -0.000	 +0.0091	 +0.0064
1779639487.472	  -10.0	  +0.0	 +0.0000	 -0.0000	      +inf	 +0.0011	    +0.000	 +0.0035	 +0.0002
1779639487.572	  -10.0	  +0.0	 +0.0000	 -0.0000	      +inf	 -0.0031	    -0.000	 +0.0056	 -0.0084
1779639487.672	  -10.0	  +0.0	 +0.0000	 -0.0000	      +inf	 -0.0030	    -0.000	 +0.0074	 -0.0039
1779639487.772	  -10.0	  +0.0	 +0.0000	 -0.0000	      +inf	 -0.0010	    -0.000	 +0.0095	 +0.0056
1779639487.872	  -10.0	  +0.0	 +0.0000	 -0.0000	      +inf	 -0.0025	    -0.000	 +0.0032	 +0.0014
1779639487.972	  -10.0	  +0.0	 +0.0000	 -0.0000	      +inf	 -0.0033	    -0.000	 -0.0021	 -0.0009
1779639488.072	 +100.0	  +0.0	 +0.0000	 -0.0000	      +inf	 -0.0035	    -0.000	 -0.0050	 -0.0008
1779639488.172	 +100.0	  +0.0	 +0.0000	 +0.0000	      +inf	 -0.0000	      +inf	 +0.0073	 -0.0064
1779639488.272	 +100.0	  +0.0	 +0.0000	 +0.0000	      +inf	 +0.0016	    +0.000	 +0.0059	 +0.0047
1779639488.372	 +100.0	  +0.0	 +0.0000	 -0.0000	      +inf	 -0.0027	    -0.000	 -0.0075	 +0.0017
1779639488.472	 +100.0	  +0.0	 +0.0000	 -0.0000	      +inf	 -0.0005	      +inf	 +0.0019	 +0.0033
1779639488.572	 +100.0	  +0.0	 +0.0000	 +0.0000	      +inf	 +0.0012	    +0.000	 -0.0057	 -0.0131
1779639488.672	 +100.0	  +0.0	 +0.0000	 +0.0000	      +inf	 -0.0011	    -0.000	 +0.0036	 +0.0040
1779639488.772	 +100.0	  +1.0	 +0.0000	 +0.0000	      +inf	 -0.0009	      +inf	 -0.0042	 -0.0050
1779639488.872	 +100.0	  +1.0	 +0.1719	 -0.2031	    -0.847	 -0.0036	   -48.238	 +1.6311	 -0.0043
1779639488.972	 +100.0	  +1.0	 +0.3257	 -0.1917	    -1.699	 -0.0029	  -112.128	 +0.8718	 -0.0054
1779639489.072	 +100.0	  +1.0	 +0.4073	 -0.1556	    -2.618	 +0.0002	      +inf	 +0.5073	 -0.0238
1779639489.172	 +100.0	  +1.0	 +0.4453	 -0.1276	    -3.490	 +0.0010	      +inf	 +0.2999	 -0.0256
1779639489.272	 +100.0	  +1.0	 +0.4677	 -0.1039	    -4.503	 +0.0029	  +162.665	 +0.1701	 -0.0324
1779639489.372	 +100.0	  +1.0	 +0.4809	 -0.0844	    -5.701	 -0.0042	  -113.233	 +0.1117	 -0.0263
1779639489.472	 +100.0	  +1.0	 +0.4887	 -0.0685	    -7.136	 -0.0064	   -76.191	 +0.0586	 -0.0337
1779639489.572	 +100.0	  +1.0	 +0.4926	 -0.0580	    -8.496	 +0.0025	  +199.240	 +0.0270	 -0.0294
1779639489.672	 +100.0	  +1.0	 +0.4956	 -0.0471	   -10.518	 +0.0021	  +231.523	 +0.0169	 -0.0283
1779639489.772	 +100.0	  +1.0	 +0.4983	 -0.0325	   -15.335	 -0.0008	      +inf	 +0.0151	 -0.0405
1779639489.872	 +100.0	  +1.0	 +0.4990	 -0.0265	   -18.863	 +0.0029	  +174.731	 +0.0036	 -0.0389
1779639489.972	 +100.0	  +1.0	 +0.4993	 -0.0224	   -22.245	 +0.0041	  +121.257	 +0.0103	 -0.0302
1779639490.072	 +100.0	  +1.0	 +0.4997	 -0.0168	   -29.657	 -0.0029	  -174.855	 +0.0083	 -0.0354
1779639490.172	 +100.0	  +1.0	 +0.4998	 -0.0137	   -36.401	 +0.0001	      +inf	 -0.0061	 -0.0241
1779639490.272	 +100.0	  +1.0	 +0.4999	 -0.0112	   -44.668	 -0.0006	      +inf	 +0.0045	 -0.0305
1779639490.372	 +100.0	  +1.0	 +0.4999	 -0.0084	   -59.470	 -0.0033	  -152.974	 -0.0019	 -0.0293
1779639490.472	 +100.0	  +1.0	 +0.5000	 -0.0069	   -72.951	 +0.0070	   +71.498	 +0.0038	 -0.0307
1779639490.572	 +100.0	  +1.0	 +0.5000	 -0.0056	   -89.481	 -0.0023	  -218.091	 +0.0090	 -0.0283
1779639490.672	 +100.0	  +1.0	 +0.5000	 -0.0044	  -114.331	 +0.0010	      +inf	 +0.0094	 -0.0288
1779639490.772	 +100.0	  +1.0	 +0.5000	 -0.0036	  -140.227	 +0.0056	   +89.017	 -0.0101	 -0.0359
1779639490.872	 +100.0	  +1.0	 +0.5000	 -0.0028	  -179.155	 -0.0027	  -186.249	 -0.0013	 -0.0400
1779639490.972	 +100.0	  +1.0	 +0.5000	 -0.0022	  -228.881	 -0.0043	  -115.430	 +0.0101	 -0.0238
1779639491.072	 +100.0	  +1.0	 +0.5000	 -0.0020	  -248.344	 -0.0033	  -149.549	 -0.0057	 -0.0314
1779639491.172	 +100.0	  +1.0	 +0.5000	 -0.0014	  -358.613	 +0.0013	  +375.351	 -0.0092	 -0.0340
1779639491.272	 +100.0	  +1.0	 +0.5000	 -0.0011	  -439.848	 -0.0032	  -158.697	 -0.0033	 -0.0252
1779639491.372	 +100.0	  +1.0	 +0.5000	 -0.0009	      +inf	 +0.0014	  +356.962	 -0.0053	 -0.0438
1779639491.472	 +100.0	  +1.0	 +0.5000	 -0.0007	      +inf	 -0.0014	  -363.418	 +0.0088	 -0.0430
1779639491.572	 +100.0	  +1.0	 +0.5000	 -0.0006	      +inf	 +0.0034	  +147.305	 +0.0066	 -0.0310
1779639491.672	 +100.0	  +1.0	 +0.5000	 -0.0005	      +inf	 +0.0034	  +146.139	 +0.0035	 -0.0441
1779639491.772	 +100.0	  +1.0	 +0.5000	 -0.0004	      +inf	 -0.0040	  -125.630	 +0.0073	 -0.0275
1779639491.872	 +100.0	  +1.0	 +0.5000	 -0.0003	      +inf	 -0.0054	   -92.307	 +0.0105	 -0.0357
1779639491.972	 +100.0	  +1.0	 +0.5000	 -0.0002	      +inf	 +0.0024	  +206.445	 +0.0084	 -0.0387
1779639492.072	 +100.0	  +1.0	 +0.5000	 -0.0002	      +inf	 +0.0030	  +169.284	 -0.0061	 -0.0462
1779639492.172	 +100.0	  +1.0	 +0.5000	 -0.0001	      +inf	 -0.0010	  -477.522	 +0.0035	 -0.0240
1779639492.272	 +100.0	  +1.0	 +0.5000	 -0.0001	      +inf	 -0.0044	  -113.122	 -0.0014	 -0.0406
1779639492.372	 +100.0	  +1.0	 +0.5000	 -0.0001	      +inf	 -0.0019	  -259.697	 +0.0029	 -0.0239
1779639492.472	 +100.0	  +1.0	 +0.5000	 -0.0001	      +inf	 +0.0050	  +100.800	 +0.0016	 -0.0360
1779639492.572	 +100.0	  +1.0	 +0.5000	 -0.0001	      +inf	 -0.0006	      +inf	 +0.0079	 -0.0419
1779639492.672	 +100.0	  +1.0	 +0.5000	 -0.0000	      +inf	 -0.0058	   -86.409	 -0.0099	 -0.0358
1779639492.772	 +100.0	  +1.0	 +0.5000	 -0.0000	      +inf	 -0.0015	  -326.484	 -0.0047	 -0.0249
1779639492.872	 +100.0	  +1.0	 +0.5000	 -0.0000	      +inf	 -0.0048	  -104.005	 +0.0018	 -0.0256
1779639492.972	 +100.0	  +1.0	 +0.5000	 -0.0000	      +inf	 -0.0037	  -134.445	 -0.0068	 -0.0297
1779639493.072	 +100.0	  +1.0	 +0.5000	 -0.0000	      +inf	 -0.0035	  -143.664	 +0.0041	 -0.0314
1779639493.172	 +100.0	  +1.0	 +0.5000	 -0.0000	      +inf	 -0.0041	  -121.493	 +0.0049	 -0.0251
1779639493.272	 +100.0	  +1.0	 +0.5000	 -0.0000	      +inf	 +0.0042	  +117.999	 +0.0082	 -0.0446
1779639493.372	 +100.0	  +1.0	 +0.5000	 -0.0000	      +inf	 -0.0038	  -132.453	 -0.0049	 -0.0302
1779639493.472	 +100.0	  +1.0	 +0.5000	 -0.0000	      +inf	 +0.0016	  +321.706	 -0.0074	 -0.0403
1779639493.572	 +100.0	  +1.0	 +0.5000	 -0.0000	      +inf	 -0.0010	  -489.216	 -0.0078	 -0.0256
1779639493.672	 +100.0	  +1.0	 +0.5000	 -0.0000	      +inf	 -0.0022	  -232.343	 +0.0006	 -0.0253
1779639493.772	 +100.0	  +1.0	 +0.5000	 -0.0000	      +inf	 +0.0014	  +360.452	 +0.0079	 -0.0257
1779639493.872	 +100.0	  +1.0	 +0.5000	 -0.0000	      +inf	 -0.0010	      +inf	 +0.0008	 -0.0406
1779639493.972	 +100.0	  +1.0	 +0.5000	 -0.0000	      +inf	 +0.0022	  +227.333	 -0.0004	 -0.0423
1779639494.072	 +100.0	  +1.0	 +0.5000	 -0.0000	      +inf	 -0.0014	  -365.226	 +0.0024	 -0.0365
1779639494.172	 +100.0	  +1.0	 +0.5000	 -0.0000	      +inf	 -0.0037	  -134.008	 +0.0059	 -0.0235
1779639494.272	 +100.0	  +1.0	 +0.5000	 -0.0000	      +inf	 +0.0004	      +inf	 +0.0033	 -0.0386
1779639494.372	 +100.0	  +1.0	 +0.5000	 -0.0000	      +inf	 -0.0021	  -242.473	 +0.0051	 -0.0303
1779639494.472	 +100.0	  +1.0	 +0.5000	 -0.0000	      +inf	 +0.0035	  +142.757	 -0.0001	 -0.0438
1779639494.572	 +100.0	  +1.0	 +0.5000	 -0.0000	      +inf	 -0.0046	  -108.515	 +0.0089	 -0.0338
1779639494.672	 +100.0	  +1.0	 +0.5000	 -0.0000	      +inf	 -0.0052	   -96.082	 +0.0030	 -0.0241
1779639494.772	 +100.0	  +1.0	 +0.5000	 -0.0000	      +inf	 -0.0048	  -104.335	 +0.0019	 -0.0379
1779639494.872	 +100.0	  +1.0	 +0.5000	 -0.0000	      +inf	 -0.0008	      +inf	 +0.0044	 -0.0251
1779639494.972	 +100.0	  +1.0	 +0.5000	 -0.0000	      +inf	 +0.0003	      +inf	 -0.0002	 -0.0253
1779639495.072	 +100.0	  +1.0	 +0.5000	 -0.0000	      +inf	 +0.0006	      +inf	 -0.0028	 -0.0338
1779639495.172	 +100.0	  +1.0	 +0.5000	 -0.0000	      +inf	 -0.0059	   -85.354	 +0.0088	 -0.0287
1779639495.272	 +100.0	  +1.0	 +0.5000	 -0.0000	      +inf	 +0.0029	  +169.967	 -0.0082	 -0.0459
1779639495.372	 +100.0	  +1.0	 +0.5000	 -0.0000	      +inf	 +0.0023	  +214.290	 -0.0066	 -0.0284
1779639495.472	 +100.0	  +1.0	 +0.5000	 -0.0000	      +inf	 +0.0045	  +112.172	 -0.0084	 -0.0382
1779639495.572	 +100.0	  +1.0	 +0.5000	 -0.0000	      +inf	 -0.0033	  -152.525	 +0.0045	 -0.0320
1779639495.672	 +100.0	  +1.0	 +0.5000	 -0.0000	      +inf	 +0.0012	  +434.640	 -0.0061	 -0.0382
1779639495.772	 +100.0	  +1.0	 +0.5000	 -0.0000	      +inf	 -0.0079	   -63.086	 -0.0049	 -0.0214
1779639495.872	 +100.0	  +1.0	 +0.5000	 -0.0000	      +inf	 +0.0070	   +71.235	 -0.0018	 -0.0303
1779639495.972	 +100.0	  +1.0	 +0.5000	 -0.0000	      +inf	 -0.0066	   -75.273	 -0.0101	 -0.0280
1779639496.072	 +100.0	  +1.0	 +0.5000	 -0.0000	      +inf	 +0.0016	  +317.397	 +0.0009	 -0.0369
1779639496.172	 +100.0	  +1.0	 +0.5000	 -0.0000	      +inf	 +0.0048	  +105.145	 -0.0088	 -0.0322
1779639499.847	 +100.0	  +1.0	 +0.5000	 -0.0000	      +inf	 -0.0037	  -135.257	 -0.0017	 -0.0337
1779639499.872	 +100.0	  +1.0	 +0.5000	 -0.0000	      +inf	 -0.0006	      +inf	 +0.0028	 -0.0432
1779639499.972	 +100.0	  +1.0	 +0.5000	 -0.0000	      +inf	 +0.0036	  +137.062	 +0.0092	 -0.0426
1779639500.072	 +100.0	  +1.0	 +0.5000	 -0.0000	      +inf	 -0.0003	      +inf	 -0.0093	 -0.0416
1779639500.172	 +100.0	  +1.0	 +0.5000	 -0.0000	      +inf	 -0.0037	  -134.569	 -0.0095	 -0.0257
1779639500.272	 +100.0	  +1.0	 +0.5000	 -0.0000	      +inf	 -0.0013	  -384.623	 +0.0091	 -0.0345
1779639500.372	 +100.0	  +1.0	 +0.5000	 -0.0000	      +inf	 -0.0004	      +inf	 +0.0037	 -0.0436
1779639500.472	 +100.0	  +1.0	 +0.5000	 -0.0000	      +inf	 +0.0018	  +280.917	 -0.0060	 -0.0268
1779639500.572	 +100.0	  +1.0	 +0.5000	 -0.0000	      +inf	 -0.0060	   -82.735	 -0.0055	 -0.0279
1779639500.672	 +100.0	  +1.0	 +0.5000	 -0.0000	      +inf	 +0.0005	      +inf	 -0.0024	 -0.0371
1779639500.772	 +100.0	  +1.0	 +0.5000	 -0.0000	      +inf	 -0.0016	  -305.677	 +0.0055	 -0.0293
1779639500.872	 +100.0	  +1.0	 +0.5000	 -0.0000	      +inf	 -0.0037	  -136.174	 +0.0071	 -0.0322
1779639500.972	 +100.0	  +1.0	 +0.5000	 -0.0000	      +inf	 +0.0025	  +197.739	 +0.0062	 -0.0401
1779639501.072	 +100.0	  +1.0	 +0.5000	 -0.0000	      +inf	 +0.0021	  +240.904	 +0.0012	 -0.0353
1779639501.172	 +100.0	  +1.0	 +0.5000	 -0.0000	      +inf	 +0.0012	  +410.772	 +0.0089	 -0.0310
1779639501.272	 +100.0	  +1.0	 +0.5000	 -0.0000	      +inf	 +0.0017	  +299.811	 +0.0084	 -0.0367
1779639501.372	 +100.0	  +1.0	 +0.5000	 -0.0000	      +inf	 -0.0011	  -463.155	 +0.0035	 -0.0374
1779639501.472	 +100.0	  +1.0	 +0.5000	 -0.0000	      +inf	 -0.0017	  -289.623	 -0.0075	 -0.0243
1779639501.572	 +100.0	  +1.0	 +0.5000	 -0.0000	      +inf	 -0.0024	  -212.321	 -0.0008	 -0.0305
1779639501.672	 +100.0	  +1.0	 +0.5000	 -0.0000	      +inf	 -0.0009	      +inf	 +0.0023	 -0.0338
1779639501.772	 +100.0	  +1.0	 +0.5000	 -0.0000	      +inf	 -0.0029	  -171.465	 +0.0051	 -0.0416
1779639501.873	 +100.0	  +1.0	 +0.5000	 -0.0000	      +inf	 -0.0010	      +inf	 -0.0022	 -0.0247
1779639501.972	 +100.0	  +1.0	 +0.5000	 -0.0000	      +inf	 -0.0004	      +inf	 +0.0074	 -0.0305
1779639502.072	 +100.0	  +1.0	 +0.5000	 -0.0000	      +inf	 -0.0002	      +inf	 -0.0067	 -0.0247
1779639502.172	 +100.0	  +1.0	 +0.5000	 -0.0000	      +inf	 +0.0022	  +227.857	 -0.0082	 -0.0324
1779639502.272	 +100.0	  +1.0	 +0.5000	 -0.0000	      +inf	 +0.0033	  +150.555	 +0.0051	 -0.0312
1779639502.372	 +100.0	  +1.0	 +0.5000	 -0.0000	      +inf	 -0.0012	  -406.974	 -0.0028	 -0.0407
1779639502.472	 +100.0	  +1.0	 +0.5000	 -0.0000	      +inf	 +0.0016	  +316.903	 -0.0031	 -0.0294
1779639502.572	 +100.0	  +1.0	 +0.5000	 -0.0000	      +inf	 +0.0017	  +295.012	 -0.0015	 -0.0358
1779639502.672	 +100.0	  +1.0	 +0.5000	 -0.0000	      +inf	 -0.0028	  -175.674	 -0.0067	 -0.0349
1779639502.772	 +100.0	  +1.0	 +0.5000	 -0.0000	      +inf	 +0.0033	  +151.688	 -0.0059	 -0.0318
1779639502.872	 +100.0	  +1.0	 +0.5000	 -0.0000	      +inf	 -0.0025	  -198.679	 +0.0086	 -0.0366
1779639502.972	 +100.0	  +1.0	 +0.5000	 -0.0000	      +inf	 -0.0026	  -193.803	 -0.0045	 -0.0295
1779639503.072	 +100.0	  +1.0	 +0.5000	 -0.0000	      +inf	 +0.0039	  +129.666	 -0.0046	 -0.0409
1779639503.172	 +100.0	  +1.0	 +0.5000	 -0.0000	      +inf	 -0.0029	  -170.301	 -0.0085	 -0.0327
1779639503.272	 +100.0	  +1.0	 +0.5000	 -0.0000	      +inf	 +0.0009	      +inf	 -0.0007	 -0.0439
1779639503.372	 +100.0	  +1.0	 +0.5000	 -0.0000	      +inf	 -0.0035	  -144.851	 -0.0030	 -0.0265
1779639503.472	 +100.0	  +1.0	 +0.5000	 -0.0000	      +inf	 +0.0018	  +285.066	 -0.0033	 -0.0422
1779639503.572	 +100.0	  +1.0	 +0.5000	 -0.0000	      +inf	 -0.0065	   -76.876	 +0.0005	 -0.0247
1779639503.672	 +100.0	  +1.0	 +0.5000	 -0.0000	      +inf	 +0.0020	  +244.881	 +0.0025	 -0.0379
1779639503.772	 +100.0	  +1.0	 +0.5000	 -0.0000	      +inf	 -0.0054	   -92.575	 -0.0006	 -0.0330
1779639503.872	 +100.0	  +1.0	 +0.5000	 -0.0000	      +inf	 -0.0004	      +inf	 -0.0021	 -0.0425
1779639503.972	 +100.0	  +1.0	 +0.5000	 -0.0000	      +inf	 +0.0018	  +277.609	 +0.0006	 -0.0301
1779639504.072	 +100.0	  +1.0	 +0.5000	 -0.0000	      +inf	 -0.0033	  -153.509	 -0.0014	 -0.0318
1779639504.172	 +100.0	  +1.0	 +0.5000	 -0.0000	      +inf	 -0.0004	      +inf	 -0.0040	 -0.0399
1779639504.272	 +100.0	  +1.0	 +0.5000	 -0.0000	      +inf	 +0.0030	  +169.397	 -0.0054	 -0.0285
1779639504.372	 +100.0	  +1.0	 +0.5000	 -0.0000	      +inf	 -0.0011	  -461.929	 +0.0089	 -0.0256
1779639504.472	 +100.0	  +1.0	 +0.5000	 -0.0000	      +inf	 -0.0015	  -342.275	 +0.0026	 -0.0328
1779639504.572	 +100.0	  +1.0	 +0.5000	 -0.0000	      +inf	 +0.0061	   +81.683	 -0.0059	 -0.0304
1779639504.672	 +100.0	  +1.0	 +0.5000	 -0.0000	      +inf	 +0.0047	  +107.524	 -0.0048	 -0.0305
1779639504.772	 +100.0	  +1.0	 +0.5000	 -0.0000	      +inf	 -0.0040	  -126.252	 -0.0006	 -0.0372
1779639504.872	 +100.0	  +1.0	 +0.5000	 -0.0000	      +inf	 -0.0023	  -216.998	 +0.0022	 -0.0397
1779639504.972	 +100.0	  +1.0	 +0.5000	 -0.0000	      +inf	 -0.0019	  -270.152	 -0.0098	 -0.0345
1779639505.072	 +100.0	  +1.0	 +0.5000	 -0.0000	      +inf	 -0.0017	  -299.635	 -0.0091	 -0.0394
1779639505.172	 +100.0	  +1.0	 +0.5000	 -0.0000	      +inf	 -0.0029	  -171.947	 +0.0040	 -0.0292
1779639505.272	 +100.0	  +1.0	 +0.5000	 -0.0000	      +inf	 +0.0029	  +174.075	 +0.0012	 -0.0290
1779639505.372	 +100.0	  +1.0	 +0.5000	 -0.0000	      +inf	 +0.0029	  +169.887	 -0.0012	 -0.0351
1779639505.472	 +100.0	  +1.0	 +0.5000	 -0.0000	      +inf	 -0.0029	  -169.955	 +0.0095	 -0.0398
1779639505.572	 +100.0	  +1.0	 +0.5000	 -0.0000	      +inf	 -0.0026	  -194.298	 -0.0078	 -0.0269
1779639505.672	 +100.0	  +1.0	 +0.5000	 -0.0000	      +inf	 +0.0023	  +220.628	 -0.0081	 -0.0340
1779639505.772	 +100.0	  +1.0	 +0.5000	 -0.0000	      +inf	 +0.0007	      +inf	 -0.0093	 -0.0286
1779639505.872	 +100.0	  +1.0	 +0.5000	 -0.0000	      +inf	 -0.0009	      +inf	 -0.0005	 -0.0250
1779639505.972	 +100.0	  +1.0	 +0.5000	 -0.0000	      +inf	 -0.0026	  -189.190	 +0.0005	 -0.0392
1779639506.072	 +100.0	  +1.0	 +0.5000	 -0.0000	      +inf	 +0.0063	   +79.844	 -0.0052	 -0.0425
1779639506.172	 +100.0	  +1.0	 +0.5000	 -0.0000	      +inf	 -0.0011	  -469.139	 +0.0074	 -0.0400
1779639506.272	 +100.0	  +1.0	 +0.5000	 -0.0000	      +inf	 -0.0021	  -236.973	 -0.0043	 -0.0300
1779639506.372	 +100.0	  +1.0	 +0.5000	 -0.0000	      +inf	 +0.0016	  +307.630	 -0.0059	 -0.0451
1779639506.472	 +100.0	  +1.0	 +0.5000	 -0.0000	      +inf	 -0.0040	  -124.993	 -0.0041	 -0.0350
1779639506.572	 +100.0	  +1.0	 +0.5000	 -0.0000	      +inf	 +0.0045	  +111.072	 +0.0050	 -0.0466
1779639506.672	 +100.0	  +1.0	 +0.5000	 -0.0000	      +inf	 -0.0032	  -156.911	 -0.0097	 -0.0354
1779639506.772	 +100.0	  +1.0	 +0.5000	 -0.0000	      +inf	 +0.0005	      +inf	 +0.0064	 -0.0283
1779639506.872	 +100.0	  +1.0	 +0.5000	 -0.0000	      +inf	 +0.0000	      +inf	 -0.0067	 -0.0335
1779639506.972	 +100.0	  +1.0	 +0.5000	 -0.0000	      +inf	 +0.0030	  +163.962	 -0.0049	 -0.0442
1779639507.072	 +100.0	  +1.0	 +0.5000	 -0.0000	      +inf	 -0.0007	      +inf	 +0.0092	 -0.0327
1779639507.172	 +100.0	  +1.0	 +0.5000	 -0.0000	      +inf	 +0.0054	   +93.216	 -0.0071	 -0.0298
1779639507.272	 +100.0	  +1.0	 +0.5000	 -0.0000	      +inf	 +0.0000	      +inf	 +0.0053	 -0.0399
1779639507.372	 +100.0	  +1.0	 +0.5000	 -0.0000	      +inf	 +0.0035	  +142.463	 +0.0003	 -0.0410
1779639507.472	 +100.0	  +1.0	 +0.5000	 -0.0000	      +inf	 -0.0014	  -356.983	 -0.0052	 -0.0436
1779639507.572	 +100.0	  +1.0	 +0.5000	 -0.0000	      +inf	 +0.0006	      +inf	 -0.0076	 -0.0252
1779639507.672	 +100.0	  +1.0	 +0.5000	 -0.0000	      +inf	 -0.0001	      +inf	 -0.0069	 -0.0442
1779639507.772	 +100.0	  +1.0	 +0.5000	 -0.0000	      +inf	 +0.0027	  +183.211	 +0.0057	 -0.0319
1779639507.872	 +100.0	  +1.0	 +0.5000	 -0.0000	      +inf	 -0.0012	  -425.825	 +0.0022	 -0.0411
1779639507.972	 +100.0	  +1.0	 +0.5000	 -0.0000	      +inf	 -0.0013	  -382.392	 -0.0019	 -0.0401
1779639508.072	 +100.0	  +1.0	 +0.5000	 -0.0000	      +inf	 +0.0054	   +91.882	 +0.0053	 -0.0287
1779639508.172	 +100.0	  +1.0	 +0.5000	 -0.0000	      +inf	 +0.0018	  +277.905	 -0.0040	 -0.0298
1779639508.272	 +100.0	  +1.0	 +0.5000	 -0.0000	      +inf	 -0.0010	  -488.196	 +0.0087	 -0.0254
1779639508.372	 +100.0	  +1.0	 +0.5000	 -0.0000	      +inf	 +0.0033	  +152.753	 -0.0037	 -0.0278
1779639508.472	 +100.0	  +1.0	 +0.5000	 -0.0000	      +inf	 +0.0066	   +75.946	 +0.0001	 -0.0355
1779639508.572	 +100.0	  +1.0	 +0.5000	 -0.0000	      +inf	 +0.0020	  +249.022	 +0.0011	 -0.0396
1779639508.672	 +100.0	  +1.0	 +0.5000	 -0.0000	      +inf	 +0.0028	  +176.797	 -0.0056	 -0.0320
1779639508.772	 +100.0	  +1.0	 +0.5000	 -0.0000	      +inf	 -0.0011	  -440.089	 -0.0012	 -0.0394
1779639508.872	 +100.0	  +1.0	 +0.5000	 -0.0000	      +inf	 +0.0055	   +90.710	 +0.0018	 -0.0360
1779639508.972	 +100.0	  +1.0	 +0.5000	 -0.0000	      +inf	 -0.0010	      +inf	 +0.0000	 -0.0372
1779639509.072	 +100.0	  +1.0	 +0.5000	 -0.0000	      +inf	 -0.0078	   -64.184	 -0.0073	 -0.0325
1779639509.172	 +100.0	  +1.0	 +0.5000	 -0.0000	      +inf	 -0.0020	  -251.095	 +0.0019	 -0.0312
1779639509.272	 +100.0	  +1.0	 +0.5000	 -0.0000	      +inf	 -0.0029	  -174.510	 +0.0057	 -0.0381
1779639509.372	 +100.0	  +1.0	 +0.5000	 -0.0000	      +inf	 +0.0064	   +78.724	 +0.0008	 -0.0290
1779639509.472	 +100.0	  +1.0	 +0.5000	 -0.0000	      +inf	 -0.0004	      +inf	 -0.0001	 -0.0394
1779639509.572	 +100.0	  +1.0	 +0.5000	 -0.0000	      +inf	 +0.0013	  +393.683	 +0.0092	 -0.0346
1779639509.672	 +100.0	  +1.0	 +0.5000	 -0.0000	      +inf	 -0.0010	  -479.767	 +0.0096	 -0.0358
1779639509.772	 +100.0	  +1.0	 +0.5000	 -0.0000	      +inf	 -0.0021	  -238.627	 +0.0021	 -0.0332
1779639509.872	 +100.0	  +1.0	 +0.5000	 -0.0000	      +inf	 +0.0034	  +146.798	 +0.0068	 -0.0275
1779639509.972	 +100.0	  +1.0	 +0.5000	 -0.0000	      +inf	 -0.0015	  -332.065	 +0.0096	 -0.0294
1779639510.072	 +100.0	  +1.0	 +0.5000	 -0.0000	      +inf	 +0.0060	   +83.691	 -0.0052	 -0.0288
1779639510.172	 +100.0	  +1.0	 +0.5000	 -0.0000	      +inf	 -0.0001	      +inf	 +0.0033	 -0.0298
1779639510.272	 +100.0	  +1.0	 +0.5000	 -0.0000	      +inf	 +0.0015	  +341.086	 +0.0063	 -0.0288
1779639510.372	 +100.0	  +1.0	 +0.5000	 -0.0000	      +inf	 +0.0004	      +inf	 -0.0032	 -0.0405
1779639510.472	 +100.0	  +1.0	 +0.5000	 -0.0000	      +inf	 -0.0049	  -101.316	 +0.0017	 -0.0255
1779639510.572	 +100.0	  +1.0	 +0.5000	 -0.0000	      +inf	 -0.0060	   -83.401	 +0.0008	 -0.0373
1779639510.672	 +100.0	  +1.0	 +0.5000	 -0.0000	      +inf	 +0.0028	  +176.787	 +0.0085	 -0.0436
1779639510.772	 +100.0	  +1.0	 +0.5000	 -0.0000	      +inf	 -0.0003	      +inf	 -0.0075	 -0.0409
1779639510.872	 +100.0	  +1.0	 +0.5000	 -0.0000	      +inf	 +0.0006	      +inf	 +0.0024	 -0.0383
1779639510.972	 +100.0	  +1.0	 +0.5000	 -0.0000	      +inf	 +0.0009	      +inf	 -0.0078	 -0.0265
1779639511.072	 +100.0	  +1.0	 +0.5000	 -0.0000	      +inf	 -0.0059	   -85.102	 -0.0066	 -0.0217
1779639511.172	 +100.0	  +1.0	 +0.5000	 -0.0000	      +inf	 -0.0007	      +inf	 -0.0039	 -0.0260
1779639511.272	 +100.0	  +1.0	 +0.5000	 -0.0000	      +inf	 +0.0032	  +158.121	 -0.0059	 -0.0287
1779639511.372	 +100.0	  +1.0	 +0.5000	 -0.0000	      +inf	 -0.0070	   -70.941	 -0.0068	 -0.0241
1779639511.472	 +100.0	  +1.0	 +0.5000	 -0.0000	      +inf	 +0.0014	  +355.170	 +0.0053	 -0.0391
1779639511.572	 +100.0	  +1.0	 +0.5000	 -0.0000	      +inf	 +0.0055	   +91.734	 -0.0096	 -0.0336
1779639511.672	 +100.0	  +1.0	 +0.5000	 -0.0000	      +inf	 +0.0022	  +227.081	 -0.0002	 -0.0320
1779639511.772	 +100.0	  +1.0	 +0.5000	 -0.0000	      +inf	 -0.0013	  -393.247	 -0.0037	 -0.0430
1779639511.872	 +100.0	  +1.0	 +0.5000	 -0.0000	      +inf	 +0.0037	  +133.499	 +0.0012	 -0.0370
1779639511.972	 +100.0	  +1.0	 +0.5000	 -0.0000	      +inf	 -0.0044	  -113.662	 -0.0027	 -0.0346
1779639512.072	 +100.0	  +1.0	 +0.5000	 -0.0000	      +inf	 +0.0052	   +96.627	 +0.0019	 -0.0334
1779639512.172	 +100.0	  +1.0	 +0.5000	 -0.0000	      +inf	 -0.0048	  -103.756	 -0.0035	 -0.0227
1779639512.272	 +100.0	  +1.0	 +0.5000	 -0.0000	      +inf	 -0.0036	  -137.162	 +0.0053	 -0.0342
1779639512.372	 +100.0	  +1.0	 +0.5000	 -0.0000	      +inf	 +0.0025	  +196.617	 +0.0037	 -0.0290
1779639512.472	 +100.0	  +1.0	 +0.5000	 -0.0000	      +inf	 +0.0002	      +inf	 -0.0076	 -0.0372
1779639512.572	 +100.0	  +1.0	 +0.5000	 -0.0000	      +inf	 -0.0048	  -104.798	 -0.0063	 -0.0250
1779639512.672	 +100.0	  +1.0	 +0.5000	 -0.0000	      +inf	 -0.0016	  -305.604	 +0.0082	 -0.0368
1779639512.772	 +100.0	  +1.0	 +0.5000	 -0.0000	      +inf	 -0.0019	  -264.136	 +0.0047	 -0.0392
1779639512.872	 +100.0	  +1.0	 +0.5000	 -0.0000	      +inf	 -0.0064	   -78.592	 -0.0028	 -0.0401
1779639512.972	 +100.0	  +1.0	 +0.5000	 -0.0000	      +inf	 +0.0020	  +248.735	 +0.0015	 -0.0349
1779639513.072	 +100.0	  +1.0	 +0.5000	 -0.0000	      +inf	 +0.0009	      +inf	 -0.0076	 -0.0389
1779639513.172	 +100.0	  +1.0	 +0.5000	 -0.0000	      +inf	 -0.0011	  -470.079	 -0.0041	 -0.0267
1779639513.272	 +100.0	  +1.0	 +0.5000	 -0.0000	      +inf	 -0.0009	      +inf	 -0.0076	 -0.0394
1779639513.372	 +100.0	  +1.0	 +0.5000	 -0.0000	      +inf	 +0.0025	  +196.333	 +0.0055	 -0.0289
1779639513.472	 +100.0	  +1.0	 +0.5000	 -0.0000	      +inf	 +0.0022	  +222.483	 +0.0012	 -0.0298
1779639513.572	 +100.0	  +1.0	 +0.5000	 -0.0000	      +inf	 -0.0040	  -126.393	 +0.0080	 -0.0258
1779639513.672	 +100.0	  +1.0	 +0.5000	 -0.0000	      +inf	 -0.0015	  -328.553	 +0.0007	 -0.0259
1779639513.772	 +100.0	  +1.0	 +0.5000	 -0.0000	      +inf	 -0.0033	  -152.745	 -0.0092	 -0.0296
1779639513.872	 +100.0	  +1.0	 +0.5000	 -0.0000	      +inf	 -0.0056	   -88.939	 +0.0005	 -0.0402
1779639513.972	 +100.0	  +1.0	 +0.5000	 -0.0000	      +inf	 +0.0007	      +inf	 -0.0013	 -0.0301
1779639514.072	 +100.0	  +1.0	 +0.5000	 -0.0000	      +inf	 -0.0011	  -436.921	 +0.0071	 -0.0245
1779639514.172	 +100.0	  +1.0	 +0.5000	 -0.0000	      +inf	 -0.0014	  -361.923	 -0.0055	 -0.0263
1779639514.272	 +100.0	  +1.0	 +0.5000	 -0.0000	      +inf	 -0.0040	  -124.695	 +0.0069	 -0.0350
1779639514.372	 +100.0	  +1.0	 +0.5000	 -0.0000	      +inf	 +0.0001	      +inf	 +0.0070	 -0.0256
1779639514.472	 +100.0	  +1.0	 +0.5000	 -0.0000	      +inf	 +0.0005	      +inf	 -0.0077	 -0.0400
1779639514.572	 +100.0	  +1.0	 +0.5000	 -0.0000	      +inf	 -0.0016	  -313.519	 -0.0002	 -0.0240
1779639514.672	 +100.0	  +1.0	 +0.5000	 -0.0000	      +inf	 +0.0012	  +413.950	 +0.0000	 -0.0263
1779639514.772	 +100.0	  +1.0	 +0.5000	 -0.0000	      +inf	 +0.0025	  +198.122	 +0.0015	 -0.0360
1779639514.872	 +100.0	  +1.0	 +0.5000	 -0.0000	      +inf	 -0.0009	      +inf	 -0.0030	 -0.0392
1779639514.972	 +100.0	  +1.0	 +0.5000	 -0.0000	      +inf	 +0.0001	      +inf	 -0.0064	 -0.0352
1779639515.072	 +100.0	  +1.0	 +0.5000	 -0.0000	      +inf	 -0.0036	  -138.069	 +0.0009	 -0.0410
1779639515.172	 +100.0	  +1.0	 +0.5000	 -0.0000	      +inf	 +0.0021	  +240.689	 +0.0087	 -0.0319
1779639515.272	 +100.0	  +0.0	 +0.5000	 -0.0000	      +inf	 +0.0021	  +233.470	 -0.0071	 -0.0370
1779639515.372	 +100.0	  +0.0	 +0.2048	 -0.0000	      +inf	 -0.0018	  -112.082	 -2.0538	 -0.0155
1779639515.472	 +100.0	  +0.0	 +0.0537	 -0.0000	      +inf	 +0.0001	      +inf	 -0.6687	 -0.0051
1779639515.572	 +100.0	  +0.0	 +0.0220	 -0.0000	      +inf	 +0.0006	      +inf	 -0.2211	 -0.0069
1779639515.672	 +100.0	  +0.0	 +0.0072	 -0.0000	      +inf	 +0.0047	    +1.549	 -0.0667	 +0.0057
1779639515.772	 +100.0	  +0.0	 +0.0024	 -0.0000	      +inf	 +0.0005	      +inf	 -0.0274	 +0.0003
1779639515.872	 +100.0	  +0.0	 +0.0008	 -0.0000	      +inf	 -0.0010	      +inf	 -0.0013	 -0.0038
1779639515.972	 +100.0	  +0.0	 +0.0002	 -0.0000	      +inf	 -0.0016	    -0.129	 -0.0072	 -0.0002
1779639516.072	 +100.0	  +0.0	 +0.0001	 -0.0000	      +inf	 +0.0057	    +0.012	 -0.0103	 +0.0014
1779639516.172	 +100.0	  +0.0	 +0.0000	 -0.0000	      +inf	 +0.0034	    +0.003	 +0.0017	 +0.0002
1779639516.272	 +100.0	  +0.0	 +0.0000	 -0.0000	      +inf	 +0.0012	    +0.003	 -0.0012	 +0.0060
1779639516.372	 +100.0	  +0.0	 +0.0000	 -0.0000	      +inf	 +0.0032	    +0.000	 -0.0000	 -0.0038
1779639516.472	 +100.0	  +0.0	 +0.0000	 -0.0000	      +inf	 -0.0021	    -0.000	 -0.0045	 +0.0044
1779639516.572	 +100.0	  +0.0	 +0.0000	 -0.0000	      +inf	 -0.0006	      +inf	 +0.0077	 +0.0025
1779639516.672	 +100.0	  +0.0	 +0.0000	 -0.0000	      +inf	 -0.0000	      +inf	 -0.0101	 +0.0038
1779639516.772	 +100.0	  +0.0	 +0.0000	 -0.0000	      +inf	 +0.0003	      +inf	 -0.0078	 -0.0089
1779639516.872	 +100.0	  +0.0	 +0.0000	 -0.0000	      +inf	 -0.0041	    -0.000	 +0.0025	 +0.0006
1779639516.972	 +100.0	  +0.0	 +0.0000	 -0.0000	      +inf	 -0.0003	      +inf	 -0.0091	 -0.0019
1779639517.072	 +100.0	  +0.0	 +0.0000	 -0.0000	      +inf	 -0.0007	      +inf	 -0.0038	 +0.0069
1779639517.172	 +100.0	  +0.0	 +0.0000	 -0.0000	      +inf	 +0.0023	    +0.000	 -0.0022	 +0.0111
1779639517.272	 +100.0	  +0.0	 +0.0000	 -0.0000	      +inf	 -0.0016	    -0.000	 -0.0055	 +0.0080
1779639517.372	 +100.0	  +0.0	 +0.0000	 -0.0000	      +inf	 +0.0008	      +inf	 -0.0069	 -0.0032
1779639517.472	 +100.0	  +0.0	 +0.0000	 -0.0000	      +inf	 -0.0075	    -0.000	 -0.0072	 -0.0093
1779639517.572	 +100.0	  +0.0	 +0.0000	 -0.0000	      +inf	 -0.0024	    -0.000	 +0.0058	 +0.0035
1779639517.672	 +100.0	  +0.0	 +0.0000	 -0.0000	      +inf	 +0.0021	    +0.000	 +0.0022	 +0.0010
1779639517.772	 +100.0	  +0.0	 +0.0000	 -0.0000	      +inf	 -0.0018	    -0.000	 -0.0007	 +0.0071
1779639517.872	 +100.0	  +0.0	 +0.0000	 -0.0000	      +inf	 -0.0020	    -0.000	 +0.0063	 +0.0016
1779639517.972	 +100.0	  +0.0	 +0.0000	 -0.0000	      +inf	 +0.0005	      +inf	 -0.0042	 -0.0008
1779639518.072	 +100.0	  +0.0	 +0.5000	 -0.0000	      +inf	 -0.0018	  -273.796	+22.4963	 -0.0219
1779639518.172	 +100.0	  +0.0	 +2.8477	 -0.0000	      +inf	 -0.0008	      +inf	+11.9658	 -0.8615
1779639518.272	 +100.0	  +0.0	 +3.4309	 -0.0000	      +inf	 +0.0018	 +1886.660	 +7.8531	 -1.4862
1779639518.372	 +100.0	  +0.0	 +3.7291	 -0.0000	      +inf	 -0.0016	 -2338.965	 +5.7185	 -1.8911
1779639518.472	 +100.0	  +0.0	 +4.5569	 -0.0000	      +inf	 -0.0013	 -3578.456	 +2.2290	 -2.6470
1779639518.572	 +100.0	  +0.0	 +4.7383	 -0.0000	      +inf	 -0.0007	      +inf	 +1.3269	 -2.8833
1779639518.672	 +100.0	  +0.0	 +4.8455	 -0.0000	      +inf	 -0.0001	      +inf	 +0.7908	 -3.0235
1779639518.772	 +100.0	  +0.0	 +4.9179	 -0.0000	      +inf	 -0.0011	 -4343.059	 +0.4802	 -3.1033
1779639518.872	 +100.0	  +0.0	 +4.9401	 -0.0000	      +inf	 -0.0002	      +inf	 +0.3018	 -3.1610
1779639518.972	 +100.0	  +0.0	 +4.9742	 -0.0000	      +inf	 +0.0008	      +inf	 +0.1695	 -3.1931
1779639519.072	 +100.0	  +0.0	 +4.9812	 -0.0000	      +inf	 +0.0005	      +inf	 +0.1250	 -3.2176
1779639519.172	 +100.0	  +0.0	 +4.9927	 -0.0000	      +inf	 +0.0003	      +inf	 +0.0635	 -3.2359
1779639519.272	 +100.0	  +0.0	 +4.9961	 -0.0000	      +inf	 +0.0004	      +inf	 +0.0486	 -3.2378
1779639519.372	 +100.0	  +0.0	 +4.9961	 -0.0000	      +inf	 +0.0004	      +inf	 +0.0486	 -3.2378
1779639519.472	 +100.0	  +0.0	 +4.9988	 -0.0000	      +inf	 -0.0001	      +inf	 +0.0415	 -3.2473
1779639519.572	 +100.0	  +0.0	 +4.9993	 -0.0000	      +inf	 +0.0009	      +inf	 +0.0311	 -3.2538
1779639519.672	 +100.0	  +0.0	 +4.9996	 -0.0000	      +inf	 -0.0010	      +inf	 +0.0277	 -3.2341
1779639519.772	 +100.0	  +0.0	 +4.9997	 -0.0000	      +inf	 +0.0006	      +inf	 +0.0332	 -3.2492
1779639519.872	 +100.0	  +0.0	 +4.9999	 -0.0000	      +inf	 -0.0006	      +inf	 +0.0260	 -3.2382
1779639519.972	 +100.0	  +0.0	 +4.9999	 -0.0000	      +inf	 +0.0003	      +inf	 +0.0194	 -3.2376
1779639520.072	 +100.0	  +0.0	 +5.0000	 -0.0000	      +inf	 -0.0002	      +inf	 +0.0178	 -3.2392
1779639520.172	 +100.0	  +0.0	 +5.0000	 -0.0000	      +inf	 -0.0007	      +inf	 +0.0258	 -3.2399
1779639520.272	 +100.0	  +0.0	 +5.0000	 -0.0000	      +inf	 -0.0001	      +inf	 +0.0321	 -3.2348
1779639520.372	 +100.0	  +0.0	 +5.0000	 -0.0000	      +inf	 -0.0004	      +inf	 +0.0342	 -3.2325
1779639520.472	 +100.0	  +0.0	 +5.0000	 -0.0000	      +inf	 +0.0002	      +inf	 +0.0281	 -3.2403
1779639520.572	 +100.0	  +0.0	 +5.0000	 -0.0000	      +inf	 -0.0008	      +inf	 +0.0183	 -3.2444
1779639520.672	 +100.0	  +0.0	 +5.0000	 -0.0000	      +inf	 +0.0005	      +inf	 +0.0301	 -3.2401
1779639520.772	 +100.0	  +0.0	 +5.0000	 -0.0000	      +inf	 +0.0006	      +inf	 +0.0184	 -3.2403
1779639520.872	 +100.0	  +0.0	 +5.0000	 -0.0000	      +inf	 -0.0005	      +inf	 +0.0241	 -3.2384
1779639520.972	 +100.0	  +0.0	 +5.0000	 -0.0000	      +inf	 -0.0003	      +inf	 +0.0337	 -3.2446
1779639521.072	 +100.0	  +0.0	 +5.0000	 -0.0000	      +inf	 -0.0010	      +inf	 +0.0220	 -3.2386
1779639521.172	 +100.0	  +0.0	 +5.0000	 -0.0000	      +inf	 +0.0001	      +inf	 +0.0235	 -3.2472
1779639521.272	 +100.0	  +0.0	 +5.0000	 -0.0000	      +inf	 -0.0009	      +inf	 +0.0328	 -3.2424
1779639521.372	 +100.0	  +0.0	 +5.0000	 -0.0000	      +inf	 -0.0003	      +inf	 +0.0164	 -3.2415
1779639521.472	 +100.0	  +0.0	 +5.0000	 -0.0000	      +inf	 -0.0006	      +inf	 +0.0198	 -3.2456
1779639521.572	 +100.0	  +0.0	 +5.0000	 -0.0000	      +inf	 +0.0001	      +inf	 +0.0232	 -3.2447
1779639521.672	 +100.0	  +0.0	 +5.0000	 -0.0000	      +inf	 +0.0005	      +inf	 +0.0305	 -3.2509
1779639521.772	 +100.0	  +0.0	 +5.0000	 -0.0000	      +inf	 -0.0012	 -4152.148	 +0.0170	 -3.2381
1779639521.872	 +100.0	  +0.0	 +5.0000	 -0.0000	      +inf	 -0.0007	      +inf	 +0.0257	 -3.2352
1779639521.972	 +100.0	  +0.0	 +5.0000	 -0.0000	      +inf	 +0.0002	      +inf	 +0.0251	 -3.2353
1779639522.072	 +100.0	  +0.0	 +5.0000	 -0.0000	      +inf	 +0.0007	      +inf	 +0.0291	 -3.2460
1779639522.172	 +100.0	  +0.0	 +5.0000	 -0.0000	      +inf	 +0.0008	      +inf	 +0.0299	 -3.2413
1779639522.272	 +100.0	  +0.0	 +5.0000	 -0.0000	      +inf	 +0.0006	      +inf	 +0.0229	 -3.2380
1779639522.372	 +100.0	  +0.0	 +5.0000	 -0.0000	      +inf	 -0.0012	 -4079.868	 +0.0224	 -3.2391
1779639522.472	 +100.0	  +0.0	 +5.0000	 -0.0000	      +inf	 +0.0001	      +inf	 +0.0279	 -3.2507
1779639522.572	 +100.0	  +0.0	 +5.0000	 -0.0000	      +inf	 +0.0004	      +inf	 +0.0262	 -3.2403
1779639522.672	 +100.0	  +0.0	 +5.0000	 -0.0000	      +inf	 +0.0010	      +inf	 +0.0223	 -3.2414
1779639522.772	 +100.0	  +0.0	 +5.0000	 -0.0000	      +inf	 -0.0010	      +inf	 +0.0176	 -3.2410
1779639522.872	 +100.0	  +0.0	 +5.0000	 -0.0000	      +inf	 +0.0011	 +4558.164	 +0.0203	 -3.2462
1779639522.972	 +100.0	  +0.0	 +5.0000	 -0.0000	      +inf	 +0.0001	      +inf	 +0.0257	 -3.2392
1779639523.072	 +100.0	  +0.0	 +5.0000	 -0.0000	      +inf	 -0.0003	      +inf	 +0.0251	 -3.2352
1779639523.172	 +100.0	  +0.0	 +5.0000	 -0.0000	      +inf	 -0.0005	      +inf	 +0.0334	 -3.2368
1779639523.272	 +100.0	  +0.0	 +5.0000	 -0.0000	      +inf	 +0.0008	      +inf	 +0.0250	 -3.2457
1779639523.372	 +100.0	  +0.0	 +5.0000	 -0.0000	      +inf	 +0.0008	      +inf	 +0.0214	 -3.2477
1779639523.473	 +100.0	  +0.0	 +5.0000	 -0.0000	      +inf	 -0.0005	      +inf	 +0.0254	 -3.2367
1779639523.572	 +100.0	  +0.0	 +5.0000	 -0.0000	      +inf	 -0.0012	 -4214.447	 +0.0341	 -3.2496
1779639523.672	 +100.0	  +0.0	 +5.0000	 -0.0000	      +inf	 +0.0009	      +inf	 +0.0338	 -3.2408
1779639523.772	 +100.0	  +0.0	 +5.0000	 -0.0000	      +inf	 +0.0005	      +inf	 +0.0251	 -3.2413
1779639523.872	 +100.0	  +0.0	 +5.0000	 -0.0000	      +inf	 -0.0001	      +inf	 +0.0308	 -3.2373
1779639523.972	 +100.0	  +0.0	 +5.0000	 -0.0000	      +inf	 +0.0007	      +inf	 +0.0164	 -3.2382
1779639524.072	 +100.0	  +0.0	 +5.0000	 -0.0000	      +inf	 -0.0013	 -3774.072	 +0.0188	 -3.2335
1779639524.172	 +100.0	  +0.0	 +5.0000	 -0.0000	      +inf	 +0.0008	      +inf	 +0.0178	 -3.2512
1779639524.272	 +100.0	  +0.0	 +5.0000	 -0.0000	      +inf	 +0.0003	      +inf	 +0.0159	 -3.2500
1779639524.372	 +100.0	  +0.0	 +5.0000	 -0.0000	      +inf	 -0.0009	      +inf	 +0.0341	 -3.2324
1779639524.472	 +100.0	  +0.0	 +5.0000	 -0.0000	      +inf	 -0.0011	 -4624.612	 +0.0317	 -3.2370
1779639524.572	 +100.0	  +0.0	 +5.0000	 -0.0000	      +inf	 +0.0011	 +4381.157	 +0.0234	 -3.2427
1779639524.672	 +100.0	  +0.0	 +5.0000	 -0.0000	      +inf	 +0.0001	      +inf	 +0.0173	 -3.2482
1779639524.772	 +100.0	  +0.0	 +5.0000	 -0.0000	      +inf	 -0.0004	      +inf	 +0.0307	 -3.2378
1779639524.872	 +100.0	  +0.0	 +5.0000	 -0.0000	      +inf	 +0.0004	      +inf	 +0.0191	 -3.2383
1779639524.972	 +100.0	  +0.0	 +5.0000	 -0.0000	      +inf	 -0.0013	 -3836.908	 +0.0307	 -3.2420
1779639525.072	 +100.0	  +0.0	 +5.0000	 -0.0000	      +inf	 +0.0001	      +inf	 +0.0197	 -3.2394
1779639525.172	 +100.0	  +0.0	 +5.0000	 -0.0000	      +inf	 -0.0011	 -4367.913	 +0.0282	 -3.2367
1779639525.272	 +100.0	  +0.0	 +5.0000	 -0.0000	      +inf	 +0.0011	 +4756.272	 +0.0252	 -3.2368
1779639525.372	 +100.0	  +0.0	 +5.0000	 -0.0000	      +inf	 -0.0000	      +inf	 +0.0213	 -3.2466
1779639525.472	 +100.0	  +0.0	 +5.0000	 -0.0000	      +inf	 +0.0010	 +4801.090	 +0.0207	 -3.2449
1779639525.572	 +100.0	  +0.0	 +5.0000	 -0.0000	      +inf	 -0.0005	      +inf	 +0.0232	 -3.2352
1779639525.672	 +100.0	  +0.0	 +5.0000	 -0.0000	      +inf	 -0.0003	      +inf	 +0.0306	 -3.2512
1779639525.772	 +100.0	  +0.0	 +5.0000	 -0.0000	      +inf	 -0.0004	      +inf	 +0.0239	 -3.2513
1779639525.872	 +100.0	  +0.0	 +5.0000	 -0.0000	      +inf	 +0.0002	      +inf	 +0.0288	 -3.2452
1779639525.972	 +100.0	  +0.0	 +5.0000	 -0.0000	      +inf	 -0.0008	      +inf	 +0.0220	 -3.2392
1779639526.072	 +100.0	  +0.0	 +5.0000	 -0.0000	      +inf	 +0.0003	      +inf	 +0.0310	 -3.2502
1779639526.172	 +100.0	  +0.0	 +5.0000	 -0.0000	      +inf	 -0.0007	      +inf	 +0.0232	 -3.2357
1779639526.272	 +100.0	  +0.0	 +5.0000	 -0.0000	      +inf	 -0.0008	      +inf	 +0.0199	 -3.2540
1779639526.372	 +100.0	  +0.0	 +5.0000	 -0.0000	      +inf	 -0.0005	      +inf	 +0.0260	 -3.2464
1779639526.472	 +100.0	  +0.0	 +5.0000	 -0.0000	      +inf	 +0.0009	      +inf	 +0.0197	 -3.2378
1779639526.572	 +100.0	  +0.0	 +5.0000	 -0.0000	      +inf	 +0.0005	      +inf	 +0.0256	 -3.2434
1779639526.672	 +100.0	  +0.0	 +5.0000	 -0.0000	      +inf	 +0.0010	 +4987.746	 +0.0214	 -3.2470
1779639526.772	 +100.0	  +0.0	 +5.0000	 -0.0000	      +inf	 +0.0003	      +inf	 +0.0249	 -3.2458
1779639526.872	 +100.0	  +0.0	 +5.0000	 -0.0000	      +inf	 +0.0003	      +inf	 +0.0282	 -3.2338
1779639526.972	 +100.0	  +0.0	 +5.0000	 -0.0000	      +inf	 +0.0003	      +inf	 +0.0175	 -3.2369
1779639527.072	 +100.0	  +0.0	 +5.0000	 -0.0000	      +inf	 -0.0003	      +inf	 +0.0173	 -3.2493
1779639527.172	 +100.0	  +0.0	 +5.0000	 -0.0000	      +inf	 -0.0005	      +inf	 +0.0223	 -3.2348
1779639527.272	 +100.0	  +0.0	 +5.0000	 -0.0000	      +inf	 -0.0002	      +inf	 +0.0299	 -3.2402
1779639527.372	 +100.0	  +0.0	 +5.0000	 -0.0000	      +inf	 +0.0007	      +inf	 +0.0284	 -3.2391
1779639527.472	 +100.0	  +0.0	 +5.0000	 -0.0000	      +inf	 -0.0011	 -4626.372	 +0.0171	 -3.2515
1779639527.572	 +100.0	  +0.0	 +5.0000	 -0.0000	      +inf	 +0.0004	      +inf	 +0.0174	 -3.2389
1779639527.672	 +100.0	  +0.0	 +5.0000	 -0.0000	      +inf	 +0.0005	      +inf	 +0.0286	 -3.2488
1779639527.772	 +100.0	  +0.0	 +5.0000	 -0.0000	      +inf	 -0.0004	      +inf	 +0.0227	 -3.2413
1779639527.872	 +100.0	  +0.0	 +5.0000	 -0.0000	      +inf	 -0.0004	      +inf	 +0.0210	 -3.2530
1779639527.972	 +100.0	  +0.0	 +5.0000	 -0.0000	      +inf	 +0.0007	      +inf	 +0.0164	 -3.2514
1779639528.072	 +100.0	  +0.0	 +5.0000	 -0.0000	      +inf	 +0.0002	      +inf	 +0.0205	 -3.2412
1779639528.172	 +100.0	  +0.0	 +5.0000	 -0.0000	      +inf	 +0.0002	      +inf	 +0.0226	 -3.2504
1779639528.272	 +100.0	  +0.0	 +5.0000	 -0.0000	      +inf	 -0.0005	      +inf	 +0.0170	 -3.2417
1779639528.372	 +100.0	  +0.0	 +5.0000	 -0.0000	      +inf	 -0.0006	      +inf	 +0.0315	 -3.2416
1779639528.472	 +100.0	  +0.0	 +5.0000	 -0.0000	      +inf	 -0.0010	 -4975.367	 +0.0200	 -3.2417
1779639528.572	 +100.0	  +0.0	 +5.0000	 -0.0000	      +inf	 +0.0003	      +inf	 +0.0298	 -3.2431
1779639528.672	 +100.0	  +0.0	 +5.0000	 -0.0000	      +inf	 +0.0003	      +inf	 +0.0317	 -3.2385
1779639528.772	 +100.0	  +0.0	 +5.0000	 -0.0000	      +inf	 +0.0006	      +inf	 +0.0317	 -3.2455
1779639528.872	 +100.0	  +0.0	 +5.0000	 -0.0000	      +inf	 +0.0003	      +inf	 +0.0314	 -3.2485
1779639528.972	 +100.0	  +0.0	 +5.0000	 -0.0000	      +inf	 +0.0010	 +4912.698	 +0.0315	 -3.2376
1779639529.072	 +100.0	  +0.0	 +5.0000	 -0.0000	      +inf	 -0.0007	      +inf	 +0.0186	 -3.2512
1779639529.172	 +100.0	  +0.0	 +5.0000	 -0.0000	      +inf	 -0.0002	      +inf	 +0.0239	 -3.2469
1779639529.272	 +100.0	  +0.0	 +5.0000	 -0.0000	      +inf	 -0.0013	 -3779.748	 +0.0321	 -3.2472
1779639529.372	 +100.0	  +0.0	 +5.0000	 -0.0000	      +inf	 -0.0008	      +inf	 +0.0217	 -3.2510
1779639529.472	 +100.0	  +0.0	 +5.0000	 -0.0000	      +inf	 +0.0004	      +inf	 +0.0186	 -3.2357
1779639529.572	 +100.0	  +0.0	 +5.0000	 -0.0000	      +inf	 -0.0004	      +inf	 +0.0216	 -3.2492
1779639529.672	 +100.0	  +0.0	 +5.0000	 -0.0000	      +inf	 -0.0002	      +inf	 +0.0172	 -3.2447
1779639529.772	 +100.0	  +0.0	 +5.0000	 -0.0000	      +inf	 +0.0003	      +inf	 +0.0324	 -3.2498
1779639529.872	 +100.0	  +0.0	 +5.0000	 -0.0000	      +inf	 -0.0012	 -4342.385	 +0.0310	 -3.2377
1779639529.972	 +100.0	  +0.0	 +5.0000	 -0.0000	      +inf	 +0.0003	      +inf	 +0.0154	 -3.2477
1779639530.072	 +100.0	  +0.0	 +5.0000	 -0.0000	      +inf	 -0.0004	      +inf	 +0.0313	 -3.2417
1779639530.172	 +100.0	  +0.0	 +5.0000	 -0.0000	      +inf	 +0.0010	 +4853.446	 +0.0312	 -3.2457
1779639530.272	 +100.0	  +0.0	 +5.0000	 -0.0000	      +inf	 -0.0006	      +inf	 +0.0237	 -3.2494
1779639530.372	 +100.0	  +0.0	 +5.0000	 -0.0000	      +inf	 -0.0007	      +inf	 +0.0148	 -3.2374
1779639530.472	 +100.0	  +0.0	 +5.0000	 -0.0000	      +inf	 +0.0002	      +inf	 +0.0152	 -3.2507
1779639530.572	 +100.0	  +0.0	 +5.0000	 -0.0000	      +inf	 -0.0001	      +inf	 +0.0168	 -3.2504
1779639530.672	 +100.0	  +0.0	 +5.0000	 -0.0000	      +inf	 -0.0000	      +inf	 +0.0250	 -3.2428
1779639530.772	 +100.0	  +0.0	 +5.0000	 -0.0000	      +inf	 -0.0007	      +inf	 +0.0281	 -3.2378
1779639530.872	 +100.0	  +0.0	 +5.0000	 -0.0000	      +inf	 +0.0002	      +inf	 +0.0239	 -3.2450
1779639530.972	 +100.0	  +0.0	 +5.0000	 -0.0000	      +inf	 +0.0003	      +inf	 +0.0263	 -3.2373
1779639531.072	 +100.0	  +0.0	 +5.0000	 -0.0000	      +inf	 -0.0001	      +inf	 +0.0334	 -3.2464
1779639531.172	 +100.0	  +0.0	 +5.0000	 -0.0000	      +inf	 -0.0009	      +inf	 +0.0206	 -3.2440
1779639531.272	 +100.0	  +0.0	 +5.0000	 -0.0000	      +inf	 -0.0011	 -4580.806	 +0.0315	 -3.2335
1779639531.372	 +100.0	  +0.0	 +5.0000	 -0.0000	      +inf	 -0.0003	      +inf	 +0.0250	 -3.2324
1779639531.472	 +100.0	  +0.0	 +5.0000	 -0.0000	      +inf	 +0.0000	      +inf	 +0.0150	 -3.2381
1779639531.572	 +100.0	  +0.0	 +5.0000	 -0.0000	      +inf	 -0.0008	      +inf	 +0.0300	 -3.2476
1779639531.672	 +100.0	  +0.0	 +5.0000	 -0.0000	      +inf	 +0.0010	 +4881.089	 +0.0274	 -3.2439
1779639531.772	 +100.0	  +0.0	 +5.0000	 -0.0000	      +inf	 +0.0005	      +inf	 +0.0186	 -3.2449
1779639531.872	 +100.0	  +0.0	 +5.0000	 -0.0000	      +inf	 -0.0005	      +inf	 +0.0153	 -3.2400
1779639531.973	 +100.0	  +0.0	 +5.0000	 -0.0000	      +inf	 -0.0004	      +inf	 +0.0306	 -3.2371
1779639532.072	 +100.0	  +0.0	 +5.0000	 -0.0000	      +inf	 +0.0001	      +inf	 +0.0322	 -3.2540
1779639535.732	 +100.0	  +0.0	 +5.0000	 -0.0000	      +inf	 -0.0001	      +inf	 +0.0157	 -3.2467
1779639535.772	 +100.0	  +0.0	 +5.0000	 -0.0000	      +inf	 +0.0010	 +4885.256	 +0.0189	 -3.2435
1779639535.872	 +100.0	  +0.0	 +5.0000	 -0.0000	      +inf	 -0.0013	 -3961.879	 +0.0277	 -3.2350
1779639535.972	 +100.0	  +0.0	 +5.0000	 -0.0000	      +inf	 -0.0006	      +inf	 +0.0296	 -3.2534
1779639536.072	 +100.0	  +0.0	 +5.0000	 -0.0000	      +inf	 +0.0002	      +inf	 +0.0171	 -3.2536
1779639536.172	 +100.0	  +0.0	 +5.0000	 -0.0000	      +inf	 +0.0004	      +inf	 +0.0313	 -3.2415
1779639536.272	 +100.0	  +0.0	 +5.0000	 -0.0000	      +inf	 +0.0010	      +inf	 +0.0165	 -3.2453
1779639536.372	 +100.0	  +0.0	 +5.0000	 -0.0000	      +inf	 -0.0012	 -4073.150	 +0.0204	 -3.2360
1779639536.472	 +100.0	  +0.0	 +5.0000	 -0.0000	      +inf	 -0.0007	      +inf	 +0.0306	 -3.2384
1779639536.572	 +100.0	  +0.0	 +5.0000	 -0.0000	      +inf	 +0.0003	      +inf	 +0.0264	 -3.2327
1779639536.672	 +100.0	  +0.0	 +5.0000	 -0.0000	      +inf	 +0.0002	      +inf	 +0.0265	 -3.2504
1779639536.772	 +100.0	  +0.0	 +5.0000	 -0.0000	      +inf	 -0.0007	      +inf	 +0.0296	 -3.2472
1779639536.872	 +100.0	  +0.0	 +5.0000	 -0.0000	      +inf	 +0.0003	      +inf	 +0.0148	 -3.2427
1779639536.972	 +100.0	  +0.0	 +5.0000	 -0.0000	      +inf	 -0.0004	      +inf	 +0.0245	 -3.2404
1779639537.072	 +100.0	  +0.0	 +5.0000	 -0.0000	      +inf	 -0.0008	      +inf	 +0.0254	 -3.2405
1779639537.172	 +100.0	  +0.0	 +5.0000	 -0.0000	      +inf	 -0.0011	 -4434.256	 +0.0170	 -3.2381
1779639537.272	 +100.0	  +0.0	 +5.0000	 -0.0000	      +inf	 +0.0011	 +4399.968	 +0.0166	 -3.2510
1779639537.372	 +100.0	  +0.0	 +5.0000	 -0.0000	      +inf	 -0.0006	      +inf	 +0.0166	 -3.2543
1779639537.472	 +100.0	  +0.0	 +5.0000	 -0.0000	      +inf	 -0.0008	      +inf	 +0.0261	 -3.2387
1779639537.572	 +100.0	  +0.0	 +5.0000	 -0.0000	      +inf	 -0.0013	 -3731.486	 +0.0161	 -3.2447
1779639537.672	 +100.0	  +0.0	 +5.0000	 -0.0000	      +inf	 +0.0003	      +inf	 +0.0219	 -3.2480
1779639537.772	 +100.0	  +0.0	 +5.0000	 -0.0000	      +inf	 -0.0013	 -3748.547	 +0.0237	 -3.2368
1779639537.872	 +100.0	  +0.0	 +5.0000	 -0.0000	      +inf	 -0.0010	      +inf	 +0.0322	 -3.2330
1779639537.972	 +100.0	  +0.0	 +5.0000	 -0.0000	      +inf	 -0.0008	      +inf	 +0.0202	 -3.2509
1779639538.072	 +100.0	  +0.0	 +5.0000	 -0.0000	      +inf	 -0.0008	      +inf	 +0.0201	 -3.2485
1779639538.172	 +100.0	  +0.0	 +5.0000	 -0.0000	      +inf	 +0.0004	      +inf	 +0.0344	 -3.2490
1779639538.272	 +100.0	  +0.0	 +5.0000	 -0.0000	      +inf	 -0.0001	      +inf	 +0.0345	 -3.2510
1779639538.372	 +100.0	  +0.0	 +5.0000	 -0.0000	      +inf	 -0.0005	      +inf	 +0.0325	 -3.2481
1779639538.472	 +100.0	  +0.0	 +5.0000	 -0.0000	      +inf	 -0.0012	 -4287.426	 +0.0152	 -3.2480
1779639538.572	 +100.0	  +0.0	 +5.0000	 -0.0000	      +inf	 +0.0001	      +inf	 +0.0351	 -3.2458
1779639538.672	 +100.0	  +0.0	 +5.0000	 -0.0000	      +inf	 -0.0007	      +inf	 +0.0242	 -3.2495
1779639538.772	 +100.0	  +0.0	 +5.0000	 -0.0000	      +inf	 +0.0011	 +4447.391	 +0.0232	 -3.2501
1779639538.872	 +100.0	  +0.0	 +5.0000	 -0.0000	      +inf	 -0.0009	      +inf	 +0.0206	 -3.2457
1779639538.972	 +100.0	  +0.0	 +5.0000	 -0.0000	      +inf	 +0.0007	      +inf	 +0.0219	 -3.2367
1779639539.072	 +100.0	  +0.0	 +5.0000	 -0.0000	      +inf	 -0.0003	      +inf	 +0.0248	 -3.2488
1779639539.172	 +100.0	  +0.0	 +5.0000	 -0.0000	      +inf	 -0.0005	      +inf	 +0.0184	 -3.2346
1779639539.273	 +100.0	  +0.0	 +5.0000	 -0.0000	      +inf	 -0.0006	      +inf	 +0.0251	 -3.2480
1779639539.372	 +100.0	  +0.0	 +5.0000	 -0.0000	      +inf	 +0.0001	      +inf	 +0.0263	 -3.2343
1779639539.472	 +100.0	  +0.0	 +5.0000	 -0.0000	      +inf	 -0.0001	      +inf	 +0.0178	 -3.2377
1779639539.572	 +100.0	  +0.0	 +5.0000	 -0.0000	      +inf	 -0.0013	 -3796.278	 +0.0321	 -3.2492
1779639539.672	 +100.0	  +0.0	 +5.0000	 -0.0000	      +inf	 -0.0007	      +inf	 +0.0326	 -3.2363
1779639539.772	 +100.0	  +0.0	 +5.0000	 -0.0000	      +inf	 -0.0002	      +inf	 +0.0165	 -3.2513
1779639539.872	 +100.0	  +0.0	 +5.0000	 -0.0000	      +inf	 -0.0007	      +inf	 +0.0172	 -3.2428
1779639539.972	 +100.0	  +0.0	 +5.0000	 -0.0000	      +inf	 -0.0006	      +inf	 +0.0293	 -3.2388
1779639540.072	 +100.0	  +0.0	 +5.0000	 -0.0000	      +inf	 -0.0009	      +inf	 +0.0344	 -3.2351
1779639540.172	 +100.0	  +0.0	 +5.0000	 -0.0000	      +inf	 +0.0005	      +inf	 +0.0173	 -3.2489
1779639540.272	 +100.0	  +0.0	 +5.0000	 -0.0000	      +inf	 -0.0005	      +inf	 +0.0221	 -3.2402
1779639540.372	 +100.0	  +0.0	 +5.0000	 -0.0000	      +inf	 +0.0001	      +inf	 +0.0294	 -3.2336
1779639540.472	 +100.0	  +0.0	 +5.0000	 -0.0000	      +inf	 +0.0003	      +inf	 +0.0286	 -3.2505
1779639540.572	 +100.0	  +0.0	 +5.0000	 -0.0000	      +inf	 -0.0013	 -3750.717	 +0.0180	 -3.2441
1779639540.672	 +100.0	  +0.0	 +5.0000	 -0.0000	      +inf	 -0.0004	      +inf	 +0.0339	 -3.2348
1779639540.772	 +100.0	  +0.0	 +5.0000	 -0.0000	      +inf	 -0.0006	      +inf	 +0.0289	 -3.2497
1779639540.872	 +100.0	  +0.0	 +5.0000	 -0.0000	      +inf	 -0.0002	      +inf	 +0.0234	 -3.2494
1779639540.972	 +100.0	  +0.0	 +5.0000	 -0.0000	      +inf	 -0.0006	      +inf	 +0.0206	 -3.2397
1779639541.072	 +100.0	  +0.0	 +5.0000	 -0.0000	      +inf	 +0.0001	      +inf	 +0.0339	 -3.2367
1779639541.172	 +100.0	  +0.0	 +5.0000	 -0.0000	      +inf	 -0.0002	      +inf	 +0.0187	 -3.2413
1779639541.272	 +100.0	  +0.0	 +5.0000	 -0.0000	      +inf	 -0.0004	      +inf	 +0.0234	 -3.2455
1779639541.372	 +100.0	  +0.0	 +5.0000	 -0.0000	      +inf	 +0.0001	      +inf	 +0.0310	 -3.2347
1779639541.472	 +100.0	  +0.0	 +5.0000	 -0.0000	      +inf	 -0.0007	      +inf	 +0.0268	 -3.2431
1779639541.572	 +100.0	  +0.0	 +5.0000	 -0.0000	      +inf	 +0.0000	      +inf	 +0.0281	 -3.2466
1779639541.672	 +100.0	  +0.0	 +5.0000	 -0.0000	      +inf	 +0.0006	      +inf	 +0.0210	 -3.2334
1779639541.772	 +100.0	  +0.0	 +5.0000	 -0.0000	      +inf	 -0.0001	      +inf	 +0.0299	 -3.2476
1779639541.872	 +100.0	  +0.0	 +5.0000	 -0.0000	      +inf	 +0.0006	      +inf	 +0.0168	 -3.2375
1779639541.972	 +100.0	  +0.0	 +5.0000	 -0.0000	      +inf	 +0.0006	      +inf	 +0.0222	 -3.2511
1779639542.072	 +100.0	  +0.0	 +5.0000	 -0.0000	      +inf	 -0.0006	      +inf	 +0.0315	 -3.2496
1779639542.172	 +100.0	  +0.0	 +5.0000	 -0.0000	      +inf	 -0.0010	      +inf	 +0.0215	 -3.2451
1779639542.272	 +100.0	  +0.0	 +5.0000	 -0.0000	      +inf	 -0.0001	      +inf	 +0.0275	 -3.2538
1779639542.372	 +100.0	  +0.0	 +5.0000	 -0.0000	      +inf	 +0.0002	      +inf	 +0.0201	 -3.2494
1779639542.472	 +100.0	  +0.0	 +5.0000	 -0.0000	      +inf	 +0.0004	      +inf	 +0.0242	 -3.2487
1779639542.572	 +100.0	  +0.0	 +5.0000	 -0.0000	      +inf	 -0.0013	 -3767.315	 +0.0189	 -3.2387
1779639542.672	 +100.0	  +0.0	 +5.0000	 -0.0000	      +inf	 +0.0001	      +inf	 +0.0208	 -3.2372
1779639542.772	 +100.0	  +0.0	 +5.0000	 -0.0000	      +inf	 +0.0011	 +4603.197	 +0.0166	 -3.2377
1779639542.872	 +100.0	  +0.0	 +5.0000	 -0.0000	      +inf	 -0.0000	      +inf	 +0.0257	 -3.2438
1779639542.972	 +100.0	  +0.0	 +5.0000	 -0.0000	      +inf	 -0.0004	      +inf	 +0.0169	 -3.2367
1779639543.072	 +100.0	  +0.0	 +5.0000	 -0.0000	      +inf	 +0.0002	      +inf	 +0.0252	 -3.2455
1779639543.172	 +100.0	  +0.0	 +5.0000	 -0.0000	      +inf	 +0.0000	      +inf	 +0.0324	 -3.2382
1779639543.272	 +100.0	  +0.0	 +5.0000	 -0.0000	      +inf	 -0.0006	      +inf	 +0.0318	 -3.2523
1779639543.372	 +100.0	  +0.0	 +5.0000	 -0.0000	      +inf	 +0.0009	      +inf	 +0.0287	 -3.2530
1779639543.472	 +100.0	  +0.0	 +5.0000	 -0.0000	      +inf	 -0.0006	      +inf	 +0.0272	 -3.2383
1779639543.572	 +100.0	  +0.0	 +5.0000	 -0.0000	      +inf	 -0.0001	      +inf	 +0.0319	 -3.2383
1779639543.672	 +100.0	  +0.0	 +5.0000	 -0.0000	      +inf	 +0.0005	      +inf	 +0.0286	 -3.2364
1779639543.772	 +100.0	  +0.0	 +5.0000	 -0.0000	      +inf	 +0.0005	      +inf	 +0.0233	 -3.2363
1779639543.872	 +100.0	  +0.0	 +5.0000	 -0.0000	      +inf	 -0.0007	      +inf	 +0.0310	 -3.2364
1779639543.972	 +100.0	  +0.0	 +5.0000	 -0.0000	      +inf	 +0.0011	 +4506.472	 +0.0305	 -3.2388
1779639544.072	 +100.0	  +0.0	 +5.0000	 -0.0000	      +inf	 -0.0005	      +inf	 +0.0213	 -3.2396
1779639544.172	 +100.0	  +0.0	 +5.0000	 -0.0000	      +inf	 +0.0010	 +4922.886	 +0.0272	 -3.2468
1779639544.272	 +100.0	  +0.0	 +5.0000	 -0.0000	      +inf	 +0.0003	      +inf	 +0.0277	 -3.2461
1779639544.372	 +100.0	  +0.0	 +5.0000	 -0.0000	      +inf	 +0.0000	      +inf	 +0.0162	 -3.2416
1779639544.472	 +100.0	  +0.0	 +5.0000	 -0.0000	      +inf	 -0.0004	      +inf	 +0.0258	 -3.2534
1779639544.572	 +100.0	  +0.0	 +5.0000	 -0.0000	      +inf	 -0.0010	 -4940.329	 +0.0210	 -3.2492
1779639544.672	 +100.0	  +0.0	 +5.0000	 -0.0000	      +inf	 +0.0002	      +inf	 +0.0332	 -3.2356
1779639544.772	 +100.0	  +0.0	 +5.0000	 -0.0000	      +inf	 -0.0013	 -3817.340	 +0.0343	 -3.2405
1779639544.872	 +100.0	  +0.0	 +5.0000	 -0.0000	      +inf	 -0.0009	      +inf	 +0.0150	 -3.2382
1779639544.972	 +100.0	  +0.0	 +5.0000	 -0.0000	      +inf	 -0.0013	 -3924.529	 +0.0261	 -3.2338
1779639545.072	 +100.0	  +0.0	 +5.0000	 -0.0000	      +inf	 -0.0003	      +inf	 +0.0158	 -3.2507
1779639545.172	 +100.0	  +0.0	 +5.0000	 -0.0000	      +inf	 -0.0008	      +inf	 +0.0259	 -3.2436
1779639545.272	 +100.0	  +0.0	 +5.0000	 -0.0000	      +inf	 +0.0001	      +inf	 +0.0157	 -3.2323
1779639545.372	 +100.0	  +0.0	 +5.0000	 -0.0000	      +inf	 -0.0010	      +inf	 +0.0278	 -3.2404
1779639545.472	 +100.0	  +0.0	 +5.0000	 -0.0000	      +inf	 +0.0008	      +inf	 +0.0282	 -3.2521
1779639545.572	 +100.0	  +0.0	 +5.0000	 -0.0000	      +inf	 +0.0007	      +inf	 +0.0237	 -3.2497
1779639545.672	 +100.0	  +0.0	 +5.0000	 -0.0000	      +inf	 -0.0010	      +inf	 +0.0224	 -3.2468
1779639545.772	 +100.0	  +0.0	 +5.0000	 -0.0000	      +inf	 -0.0009	      +inf	 +0.0283	 -3.2448
1779639545.872	 +100.0	  +0.0	 +5.0000	 -0.0000	      +inf	 +0.0006	      +inf	 +0.0230	 -3.2536
1779639545.972	 +100.0	  +0.0	 +5.0000	 -0.0000	      +inf	 +0.0004	      +inf	 +0.0154	 -3.2418
1779639546.072	 +100.0	  +0.0	 +5.0000	 -0.0000	      +inf	 -0.0012	 -4311.164	 +0.0237	 -3.2461
1779639546.172	 +100.0	  +0.0	 +5.0000	 -0.0000	      +inf	 -0.0006	      +inf	 +0.0269	 -3.2515
1779639546.272	 +100.0	  +0.0	 +5.0000	 -0.0000	      +inf	 -0.0008	      +inf	 +0.0281	 -3.2469
1779639546.372	 +100.0	  +0.0	 +5.0000	 -0.0000	      +inf	 +0.0007	      +inf	 +0.0187	 -3.2424
1779639546.472	 +100.0	  +0.0	 +5.0000	 -0.0000	      +inf	 +0.0011	 +4545.372	 +0.0169	 -3.2433
1779639546.572	 +100.0	  +0.0	 +5.0000	 -0.0000	      +inf	 -0.0007	      +inf	 +0.0225	 -3.2411
1779639546.672	 +100.0	  +0.0	 +5.0000	 -0.0000	      +inf	 -0.0008	      +inf	 +0.0200	 -3.2417
1779639546.772	 +100.0	  +0.0	 +5.0000	 -0.0000	      +inf	 -0.0001	      +inf	 +0.0217	 -3.2470
1779639546.872	 +100.0	  +0.0	 +5.0000	 -0.0000	      +inf	 +0.0010	 +4771.991	 +0.0294	 -3.2506
1779639546.972	 +100.0	  +0.0	 +5.0000	 -0.0000	      +inf	 +0.0008	      +inf	 +0.0315	 -3.2397
1779639547.072	 +100.0	  +0.0	 +5.0000	 -0.0000	      +inf	 -0.0003	      +inf	 +0.0308	 -3.2394
1779639547.172	 +100.0	  +0.0	 +5.0000	 -0.0000	      +inf	 -0.0003	      +inf	 +0.0309	 -3.2396
1779639547.272	 +100.0	  +0.0	 +5.0000	 -0.0000	      +inf	 -0.0013	 -3944.234	 +0.0190	 -3.2430
1779639547.372	 +100.0	  +0.0	 +5.0000	 -0.0000	      +inf	 -0.0001	      +inf	 +0.0326	 -3.2329
1779639547.472	 +100.0	  +0.0	 +5.0000	 -0.0000	      +inf	 +0.0004	      +inf	 +0.0312	 -3.2513
1779639547.572	 +100.0	  +0.0	 +5.0000	 -0.0000	      +inf	 +0.0001	      +inf	 +0.0153	 -3.2436
1779639547.672	 +100.0	  +0.0	 +5.0000	 -0.0000	      +inf	 +0.0007	      +inf	 +0.0318	 -3.2389
1779639547.772	 +100.0	  +0.0	 +5.0000	 -0.0000	      +inf	 -0.0006	      +inf	 +0.0331	 -3.2439
1779639547.872	 +100.0	  +0.0	 +5.0000	 -0.0000	      +inf	 +0.0006	      +inf	 +0.0300	 -3.2510
1779639547.972	 +100.0	  +0.0	 +5.0000	 -0.0000	      +inf	 +0.0000	      +inf	 +0.0146	 -3.2407
1779639548.072	 +100.0	  +0.0	 +5.0000	 -0.0000	      +inf	 -0.0003	      +inf	 +0.0205	 -3.2397
1779639548.172	 +100.0	  +0.0	 +5.0000	 -0.0000	      +inf	 +0.0004	      +inf	 +0.0188	 -3.2528
1779639548.272	 +100.0	  +0.0	 +5.0000	 -0.0000	      +inf	 +0.0000	      +inf	 +0.0279	 -3.2451
1779639548.372	 +100.0	  +0.0	 +5.0000	 -0.0000	      +inf	 +0.0000	      +inf	 +0.0305	 -3.2444
1779639548.472	 +100.0	  +0.0	 +5.0000	 -0.0000	      +inf	 +0.0009	      +inf	 +0.0328	 -3.2512
1779639548.572	 +100.0	  +0.0	 +5.0000	 -0.0000	      +inf	 -0.0004	      +inf	 +0.0199	 -3.2391
1779639548.672	 +100.0	  +0.0	 +5.0000	 -0.0000	      +inf	 -0.0011	 -4421.181	 +0.0248	 -3.2355
1779639548.772	 +100.0	  +0.0	 +5.0000	 -0.0000	      +inf	 -0.0007	      +inf	 +0.0321	 -3.2459
1779639548.872	 +100.0	  +0.0	 +5.0000	 -0.0000	      +inf	 -0.0000	      +inf	 +0.0208	 -3.2399
1779639548.972	 +100.0	  +0.0	 +5.0000	 -0.0000	      +inf	 -0.0012	 -4047.670	 +0.0321	 -3.2418
1779639549.072	 +100.0	  +0.0	 +5.0000	 -0.0000	      +inf	 +0.0001	      +inf	 +0.0171	 -3.2355
1779639549.172	 +100.0	  +0.0	 +5.0000	 -0.0000	      +inf	 -0.0008	      +inf	 +0.0157	 -3.2472
1779639549.272	 +100.0	  +0.0	 +5.0000	 -0.0000	      +inf	 -0.0006	      +inf	 +0.0220	 -3.2378
1779639549.372	 +100.0	  +0.0	 +5.0000	 -0.0000	      +inf	 -0.0006	      +inf	 +0.0197	 -3.2530
1779639549.472	 +100.0	  +0.0	 +5.0000	 -0.0000	      +inf	 -0.0008	      +inf	 +0.0335	 -3.2536
1779639549.572	 +100.0	  +0.0	 +5.0000	 -0.0000	      +inf	 -0.0002	      +inf	 +0.0174	 -3.2402
1779639549.672	 +100.0	  +0.0	 +5.0000	 -0.0000	      +inf	 +0.0011	 +4632.242	 +0.0268	 -3.2429
1779639549.772	 +100.0	  +0.0	 +5.0000	 -0.0000	      +inf	 +0.0002	      +inf	 +0.0250	 -3.2423
1779639549.872	 +100.0	  +0.0	 +5.0000	 -0.0000	      +inf	 -0.0003	      +inf	 +0.0279	 -3.2447
1779639549.972	 +100.0	  +0.0	 +5.0000	 -0.0000	      +inf	 -0.0003	      +inf	 +0.0239	 -3.2490
1779639550.072	 +100.0	  +0.0	 +5.0000	 -0.0000	      +inf	 -0.0005	      +inf	 +0.0182	 -3.2496
1779639550.172	 +100.0	  +0.0	 +5.0000	 -0.0000	      +inf	 -0.0011	 -4502.971	 +0.0187	 -3.2449
1779639550.272	 +100.0	  +0.0	 +5.0000	 -0.0000	      +inf	 -0.0006	      +inf	 +0.0268	 -3.2509
1779639550.372	 +100.0	  +0.0	 +5.0000	 -0.0000	      +inf	 -0.0001	      +inf	 +0.0204	 -3.2426
1779639550.472	 +100.0	  +0.0	 +5.0000	 -0.0000	      +inf	 -0.0002	      +inf	 +0.0232	 -3.2351
1779639550.572	 +100.0	  +0.0	 +5.0000	 -0.0000	      +inf	 -0.0007	      +inf	 +0.0281	 -3.2512
1779639550.672	 +100.0	  +0.0	 +5.0000	 -0.0000	      +inf	 +0.0009	      +inf	 +0.0298	 -3.2375
1779639550.772	 +100.0	  +0.0	 +5.0000	 -0.0000	      +inf	 -0.0006	      +inf	 +0.0177	 -3.2332
1779639550.872	 +100.0	  +0.0	 +5.0000	 -0.0000	      +inf	 -0.0002	      +inf	 +0.0340	 -3.2492
1779639550.972	 +100.0	  +0.0	 +5.0000	 -0.0000	      +inf	 -0.0006	      +inf	 +0.0228	 -3.2529
1779639551.072	 +100.0	  +0.0	 +5.0000	 -0.0000	      +inf	 -0.0009	      +inf	 +0.0190	 -3.2426
1779639551.172	 +100.0	  +0.0	 +5.0000	 -0.0000	      +inf	 -0.0009	      +inf	 +0.0304	 -3.2405
1779639551.272	 +100.0	  +0.0	 +5.0000	 -0.0000	      +inf	 -0.0008	      +inf	 +0.0266	 -3.2424
1779639551.372	 +100.0	  +0.0	 +5.0000	 -0.0000	      +inf	 -0.0003	      +inf	 +0.0261	 -3.2358
1779639551.472	 +100.0	  +0.0	 +5.0000	 -0.0000	      +inf	 +0.0005	      +inf	 +0.0297	 -3.2404
1779639551.572	 +100.0	  +0.0	 +5.0000	 -0.0000	      +inf	 +0.0003	      +inf	 +0.0257	 -3.2542
1779639551.672	 +100.0	  +0.0	 +5.0000	 -0.0000	      +inf	 -0.0011	 -4644.006	 +0.0291	 -3.2501
1779639551.772	 +100.0	  +0.0	 +5.0000	 -0.0000	      +inf	 +0.0002	      +inf	 +0.0252	 -3.2516
1779639551.872	 +100.0	  +0.0	 +5.0000	 -0.0000	      +inf	 -0.0004	      +inf	 +0.0282	 -3.2405
1779639551.972	 +100.0	  +0.0	 +1.3107	 -0.0000	      +inf	 +0.0033	  +400.262	-13.1088	 -0.3071
1779639552.072	 +100.0	  +0.0	 +0.4295	 -0.0000	      +inf	 +0.0015	  +287.946	 -5.3599	 -0.1253
1779639552.172	 +100.0	  +0.0	 +0.1407	 -0.0000	      +inf	 -0.0014	   -97.375	 -1.3976	 -0.0661
1779639552.272	 +100.0	  +0.0	 +0.0901	 -0.0000	      +inf	 -0.0024	   -38.017	 -0.9036	 -0.0518
1779639552.372	 +100.0	  +0.0	 +0.0121	 -0.0000	      +inf	 -0.0016	    -7.667	 -0.1209	 -0.0275
1779639552.472	 +100.0	  +0.0	 +0.0040	 -0.0000	      +inf	 -0.0022	    -1.840	 -0.0398	 -0.0161
1779639552.572	 +100.0	  +0.0	 +0.0010	 -0.0000	      +inf	 +0.0036	    +0.290	 -0.0173	 -0.0280
1779639552.672	 +100.0	  +0.0	 +0.0003	 -0.0000	      +inf	 +0.0015	    +0.220	 -0.0012	 -0.0061
1779639552.772	 +100.0	  +0.0	 +0.0001	 -0.0000	      +inf	 +0.0018	    +0.063	 -0.0045	 -0.0205
1779639552.872	 +100.0	  +0.0	 +0.0000	 -0.0000	      +inf	 -0.0049	    -0.006	 -0.0056	 -0.0193
1779639552.972	 +100.0	  +0.0	 +0.0000	 -0.0000	      +inf	 -0.0044	    -0.001	 -0.0016	 -0.0150
1779639553.072	 +100.0	  +0.0	 +0.0000	 -0.0000	      +inf	 +0.0002	      +inf	 -0.0049	 -0.0033
1779639553.172	 +100.0	  +0.0	 +0.0000	 -0.0000	      +inf	 -0.0034	    -0.000	 +0.0077	 -0.0100
1779639553.272	 +100.0	  +0.0	 +0.0000	 -0.0000	      +inf	 -0.0024	    -0.000	 -0.0090	 -0.0011
1779639553.372	 +100.0	  +0.0	 +0.0000	 -0.0000	      +inf	 +0.0024	    +0.000	 -0.0016	 +0.0058
