# time	cmd_angle	cmd_speed	odom_v(m/s)	odom_omega(rad/s)	R(m)
1779638014.199	   +0.0	  +0.0	 +0.0000	 -0.0000	      +inf
1779638014.299	   +0.0	  +0.0	 +0.0000	 -0.0000	      +inf
1779638014.399	   +0.0	  +0.0	 +0.0000	 -0.0000	      +inf
1779638014.499	   +0.0	  +0.0	 +0.0000	 -0.0000	      +inf
1779638014.599	   +0.0	  +0.0	 +0.0000	 -0.0000	      +inf
1779638014.699	   +0.0	  +0.0	 +0.0000	 -0.0000	      +inf
1779638014.799	   +0.0	  +0.0	 +0.0000	 -0.0000	      +inf
1779638014.899	   +0.0	  +0.0	 +0.0000	 -0.0000	      +inf
1779638014.999	   +0.0	  +0.0	 +0.0000	 -0.0000	      +inf
1779638015.099	   +0.0	  +0.0	 +0.0000	 -0.0000	      +inf
1779638015.200	   +0.0	  +0.0	 +0.0000	 -0.0000	      +inf
1779638015.299	   +0.0	  +0.0	 +0.0000	 -0.0000	      +inf
1779638015.399	   +0.0	  +0.0	 +0.0000	 -0.0000	      +inf
1779638015.499	   +0.0	  +0.0	 +0.0000	 -0.0000	      +inf
1779638015.599	   +0.0	  +0.0	 +0.0000	 -0.0000	      +inf
1779638015.699	   +0.0	  +0.0	 +0.0000	 -0.0000	      +inf
1779638015.799	   +0.0	  +0.0	 +0.0000	 -0.0000	      +inf
1779638015.899	   +0.0	  +0.0	 +0.0000	 -0.0000	      +inf
1779638015.999	   +0.0	  +0.0	 +0.0000	 -0.0000	      +inf
1779638016.099	   +0.0	  +0.0	 +0.0000	 -0.0000	      +inf
1779638016.200	   +0.0	  +0.0	 +0.0000	 -0.0000	      +inf
1779638016.299	   +0.0	  +0.0	 +0.0000	 -0.0000	      +inf
1779638016.399	   +0.0	  +0.0	 +0.0000	 -0.0000	      +inf
1779638016.499	   +0.0	  +0.0	 +0.0000	 -0.0000	      +inf
1779638016.599	   +0.0	  +0.0	 +0.0000	 -0.0000	      +inf
1779638016.699	   +0.0	  +0.0	 +0.0000	 -0.0000	      +inf
1779638016.799	   +0.0	  +0.0	 +0.0000	 -0.0000	      +inf
1779638016.899	   +0.0	  +0.0	 +0.0000	 -0.0000	      +inf
1779638016.999	   +0.0	  +0.0	 +0.0000	 -0.0000	      +inf
1779638017.099	   +0.0	  +0.0	 +0.0000	 -0.0000	      +inf
1779638017.199	   +0.0	  +0.0	 +0.0000	 -0.0000	      +inf
1779638017.299	   +0.0	  +0.0	 +0.0000	 -0.0000	      +inf
1779638017.399	   +0.0	  +0.0	 +0.0000	 -0.0000	      +inf
1779638017.499	   +0.0	  +0.0	 +0.0000	 -0.0000	      +inf
1779638017.599	   +0.0	  +0.0	 +0.0000	 -0.0000	      +inf
1779638017.699	   +0.0	  +0.0	 +0.0000	 -0.0000	      +inf
1779638017.799	   +0.0	  +0.0	 +0.0000	 -0.0000	      +inf
1779638017.899	   +0.0	  +0.0	 +0.0000	 -0.0000	      +inf
1779638017.999	  +20.0	  +0.0	 +0.0000	 -0.0000	      +inf
1779638018.099	  +20.0	  +0.0	 +0.0000	 +0.0000	      +inf
1779638018.199	  +20.0	  +0.0	 +0.0000	 +0.0000	      +inf
1779638018.299	  +20.0	  +0.0	 +0.0000	 +0.0000	      +inf
1779638018.399	  +20.0	  +0.0	 +0.0000	 +0.0000	      +inf
1779638018.499	  +20.0	  +0.0	 +0.0000	 +0.0000	      +inf
1779638018.599	  +20.0	  +0.0	 +0.0000	 +0.0000	      +inf
1779638018.699	  +20.0	  +0.0	 +0.0000	 +0.0000	      +inf
1779638018.799	  +20.0	  +0.0	 +0.0000	 +0.0000	      +inf
1779638018.899	  +20.0	  +0.0	 +0.0000	 +0.0000	      +inf
1779638018.999	  +20.0	  +0.0	 +0.0000	 +0.0000	      +inf
1779638019.099	  +20.0	  +0.0	 +0.0000	 +0.0000	      +inf
1779638019.199	  +20.0	  +0.0	 +0.0000	 +0.0000	      +inf
1779638019.299	  +20.0	  +0.0	 +0.0000	 +0.0000	      +inf
1779638019.399	  +20.0	  +0.0	 +0.0000	 +0.0000	      +inf
1779638019.499	  +20.0	  +0.0	 +0.0000	 +0.0000	      +inf
1779638019.599	  +20.0	  +0.0	 +0.0000	 +0.0000	      +inf
1779638019.699	  +20.0	  +0.0	 +0.0000	 +0.0000	      +inf
1779638019.799	  +20.0	  +0.0	 +0.0000	 +0.0000	      +inf
1779638019.899	  +20.0	  +0.0	 +0.0000	 +0.0000	      +inf
1779638019.999	  +20.0	  +0.0	 +0.0000	 +0.0000	      +inf
1779638020.099	  +20.0	  +0.0	 +0.0000	 +0.0000	      +inf
1779638020.199	  +20.0	  +0.0	 +0.0000	 +0.0000	      +inf
1779638023.830	  +20.0	  +0.0	 +0.0000	 +0.0000	      +inf
1779638023.899	  +20.0	  +0.0	 +0.0000	 +0.0000	      +inf
1779638023.999	  +20.0	  +0.0	 +0.0000	 +0.0000	      +inf
1779638024.099	  +20.0	  +0.0	 +0.0000	 +0.0000	      +inf
1779638024.199	  +20.0	  +0.0	 +0.0000	 +0.0000	      +inf
1779638024.299	  +20.0	  +0.0	 +0.0000	 +0.0000	      +inf
1779638024.399	  +20.0	  +0.0	 +0.0000	 +0.0000	      +inf
1779638024.499	  +20.0	  +0.0	 +0.0000	 +0.0000	      +inf
1779638024.599	  +20.0	  +0.0	 +0.0000	 +0.0000	      +inf
1779638024.699	  +20.0	  +0.0	 +0.0000	 +0.0000	      +inf
1779638024.799	  +20.0	  +0.0	 +0.0000	 +0.0000	      +inf
1779638024.899	  +20.0	  +0.0	 +0.0000	 +0.0000	      +inf
1779638024.999	  +20.0	  +0.0	 +0.0000	 +0.0000	      +inf
1779638025.099	  +20.0	  +0.0	 +0.0000	 +0.0000	      +inf
1779638025.199	  +20.0	  +0.0	 +0.0000	 +0.0000	      +inf
1779638025.299	  +20.0	  +0.0	 +0.0000	 +0.0000	      +inf
1779638025.399	  +20.0	  +0.0	 +0.0000	 +0.0000	      +inf
1779638025.499	  +20.0	  +0.0	 +0.0000	 +0.0000	      +inf
1779638025.599	  +20.0	  +0.0	 +0.0000	 +0.0000	      +inf
1779638025.699	  +20.0	  +0.0	 +0.0000	 +0.0000	      +inf
1779638025.799	  +20.0	  +0.0	 +0.0000	 +0.0000	      +inf
1779638025.899	  +20.0	  +0.0	 +0.0000	 +0.0000	      +inf
1779638025.999	  +20.0	  +0.0	 +0.0000	 +0.0000	      +inf
1779638026.099	  +20.0	  +0.0	 +0.0000	 +0.0000	      +inf
1779638026.199	  +20.0	  +0.0	 +0.0000	 +0.0000	      +inf
1779638026.299	  +20.0	  +0.0	 +0.0000	 +0.0000	      +inf
1779638026.399	  +20.0	  +0.0	 +0.0000	 +0.0000	      +inf
1779638026.499	  +20.0	  +0.0	 +0.0000	 +0.0000	      +inf
1779638026.599	  +20.0	  +0.0	 +0.0000	 +0.0000	      +inf
1779638026.699	  +20.0	  +0.0	 +0.0000	 +0.0000	      +inf
1779638026.799	  +20.0	  +0.0	 +0.0000	 +0.0000	      +inf
1779638026.899	  +20.0	  +0.0	 +0.0000	 +0.0000	      +inf
1779638026.999	  +20.0	  +0.0	 +0.0000	 +0.0000	      +inf
1779638027.099	  +20.0	  +0.0	 +0.0000	 +0.0000	      +inf
1779638027.199	  +20.0	  +0.0	 +0.0000	 +0.0000	      +inf
1779638027.299	  +20.0	  +0.0	 +0.0000	 +0.0000	      +inf
1779638027.399	  +20.0	  +0.0	 +0.0000	 +0.0000	      +inf
1779638027.499	  +20.0	  +0.0	 +0.0000	 +0.0000	      +inf
1779638027.599	  +20.0	  +0.0	 +0.0000	 +0.0000	      +inf
1779638027.699	  +20.0	  +0.0	 +0.0000	 +0.0000	      +inf
1779638027.799	  +20.0	  +0.0	 +0.0000	 +0.0000	      +inf
1779638027.899	  +20.0	  +0.0	 +0.0000	 +0.0000	      +inf
1779638027.999	  +20.0	  +0.0	 +0.0000	 +0.0000	      +inf
1779638028.099	  +20.0	  +0.0	 +0.0000	 +0.0000	      +inf
1779638028.199	  +20.0	  +0.0	 +0.0000	 +0.0000	      +inf
1779638028.299	  +20.0	  +0.0	 +0.0000	 +0.0000	      +inf
1779638028.399	  +20.0	  +1.0	 +0.0000	 +0.0000	      +inf
1779638028.499	  +20.0	  +1.0	 +0.0000	 +0.0000	      +inf
1779638028.599	  +20.0	  +1.0	 +0.2609	 +0.3211	    +0.812
1779638028.699	  +20.0	  +1.0	 +0.3971	 +0.4888	    +0.812
1779638028.799	  +20.0	  +1.0	 +0.4250	 +0.5231	    +0.812
1779638028.899	  +20.0	  +1.0	 +0.4557	 +0.5610	    +0.812
1779638028.999	  +20.0	  +1.0	 +0.4788	 +0.5894	    +0.812
1779638029.099	  +20.0	  +1.0	 +0.4861	 +0.5984	    +0.812
1779638029.199	  +20.0	  +1.0	 +0.4918	 +0.6054	    +0.812
1779638029.299	  +20.0	  +1.0	 +0.4952	 +0.6096	    +0.812
1779638029.399	  +20.0	  +1.0	 +0.4981	 +0.6132	    +0.812
1779638029.499	  +20.0	  +1.0	 +0.4990	 +0.6143	    +0.812
1779638029.599	  +20.0	  +1.0	 +0.4993	 +0.6147	    +0.812
1779638029.699	  +20.0	  +1.0	 +0.4997	 +0.6151	    +0.812
1779638029.799	  +20.0	  +1.0	 +0.4998	 +0.6153	    +0.812
1779638029.899	  +20.0	  +1.0	 +0.4999	 +0.6154	    +0.812
1779638029.999	  +20.0	  +1.0	 +0.4999	 +0.6154	    +0.812
1779638030.099	  +20.0	  +1.0	 +0.5000	 +0.6155	    +0.812
1779638030.199	  +20.0	  +1.0	 +0.5000	 +0.6155	    +0.812
1779638030.299	  +20.0	  +1.0	 +0.5000	 +0.6155	    +0.812
1779638030.399	  +20.0	  +1.0	 +0.5000	 +0.6155	    +0.812
1779638030.499	  +20.0	  +1.0	 +0.5000	 +0.6155	    +0.812
1779638030.599	  +20.0	  +1.0	 +0.5000	 +0.6155	    +0.812
1779638030.699	  +20.0	  +1.0	 +0.5000	 +0.6155	    +0.812
1779638030.799	  +20.0	  +1.0	 +0.5000	 +0.6155	    +0.812
1779638030.899	  +20.0	  +1.0	 +0.5000	 +0.6155	    +0.812
1779638030.999	  +20.0	  +1.0	 +0.5000	 +0.6155	    +0.812
1779638031.099	  +20.0	  +1.0	 +0.5000	 +0.6155	    +0.812
1779638031.199	  +20.0	  +1.0	 +0.5000	 +0.6155	    +0.812
1779638031.299	  +20.0	  +1.0	 +0.5000	 +0.6155	    +0.812
1779638031.399	  +20.0	  +1.0	 +0.5000	 +0.6155	    +0.812
1779638031.499	  +20.0	  +1.0	 +0.5000	 +0.6155	    +0.812
1779638031.599	  +20.0	  +1.0	 +0.5000	 +0.6155	    +0.812
1779638031.699	  +20.0	  +1.0	 +0.5000	 +0.6155	    +0.812
1779638031.799	  +20.0	  +1.0	 +0.5000	 +0.6155	    +0.812
1779638031.899	  +20.0	  +1.0	 +0.5000	 +0.6155	    +0.812
1779638031.999	  +20.0	  +1.0	 +0.5000	 +0.6155	    +0.812
1779638032.099	  +20.0	  +1.0	 +0.5000	 +0.6155	    +0.812
1779638032.199	  +20.0	  +1.0	 +0.5000	 +0.6155	    +0.812
1779638032.299	  +20.0	  +1.0	 +0.5000	 +0.6155	    +0.812
1779638032.399	  +20.0	  +1.0	 +0.5000	 +0.6155	    +0.812
1779638032.499	  +20.0	  +1.0	 +0.5000	 +0.6155	    +0.812
1779638032.599	  +20.0	  +1.0	 +0.5000	 +0.6155	    +0.812
1779638032.699	  +20.0	  +1.0	 +0.5000	 +0.6155	    +0.812
1779638032.799	  +20.0	  +1.0	 +0.5000	 +0.6155	    +0.812
1779638032.899	  +20.0	  +1.0	 +0.5000	 +0.6155	    +0.812
1779638032.999	  +20.0	  +1.0	 +0.5000	 +0.6155	    +0.812
1779638033.099	  +20.0	  +1.0	 +0.5000	 +0.6155	    +0.812
1779638033.199	  +20.0	  +1.0	 +0.5000	 +0.6155	    +0.812
1779638033.299	  +20.0	  +1.0	 +0.5000	 +0.6155	    +0.812
1779638033.399	  +20.0	  +1.0	 +0.5000	 +0.6155	    +0.812
1779638033.499	  +20.0	  +1.0	 +0.5000	 +0.6155	    +0.812
1779638033.599	  +20.0	  +1.0	 +0.5000	 +0.6155	    +0.812
1779638033.699	 +100.0	  +1.0	 +0.5000	 +0.6155	    +0.812
1779638033.799	 +100.0	  +1.0	 +0.5000	 -2.4972	    -0.200
1779638033.899	 +100.0	  +1.0	 +0.5000	 -0.1475	    -3.389
1779638033.999	 +100.0	  +1.0	 +0.5000	 +0.0124	   +40.417
1779638034.099	 +100.0	  +1.0	 +0.5000	 +0.2175	    +2.299
1779638034.199	 +100.0	  +1.0	 +0.5000	 +1.1771	    +0.425
1779638034.299	 +100.0	  +1.0	 +0.5000	 +6.2576	    +0.080
1779638034.399	 +100.0	  +1.0	 +0.5000	 -0.4544	    -1.100
1779638034.499	 +100.0	  +1.0	 +0.5000	 -0.2547	    -1.963
1779638034.599	 +100.0	  +1.0	 +0.5000	 -0.1934	    -2.585
1779638034.699	 +100.0	  +1.0	 +0.5000	 -0.1373	    -3.641
1779638034.799	 +100.0	  +1.0	 +0.5000	 -0.0927	    -5.393
1779638034.899	 +100.0	  +1.0	 +0.5000	 -0.0808	    -6.187
1779638034.999	 +100.0	  +1.0	 +0.5000	 -0.0648	    -7.721
1779638035.099	 +100.0	  +1.0	 +0.5000	 -0.0522	    -9.578
1779638035.199	 +100.0	  +1.0	 +0.5000	 -0.0422	   -11.835
1779638035.299	 +100.0	  +1.0	 +0.5000	 -0.0290	   -17.221
1779638035.399	 +100.0	  +1.0	 +0.5000	 -0.0236	   -21.170
1779638035.499	 +100.0	  +1.0	 +0.5000	 -0.0192	   -26.003
1779638035.599	 +100.0	  +1.0	 +0.5000	 -0.0157	   -31.924
1779638035.699	 +100.0	  +1.0	 +0.5000	 -0.0122	   -40.817
1779638035.799	 +100.0	  +1.0	 +0.5000	 -0.0092	   -54.347
1779638035.899	 +100.0	  +1.0	 +0.5000	 -0.0081	   -61.437
1779638035.999	 +100.0	  +1.0	 +0.5000	 -0.0064	   -78.504
1779638036.099	 +100.0	  +1.0	 +0.5000	 -0.0052	   -96.290
1779638036.199	 +100.0	  +1.0	 +0.5000	 -0.0037	  -133.494
1779638036.299	 +100.0	  +1.0	 +0.5000	 -0.0035	  -144.850
1779638036.399	 +100.0	  +1.0	 +0.5000	 -0.0028	  -177.655
1779638036.499	 +100.0	  +1.0	 +0.5000	 -0.0019	  -256.548
1779638036.599	 +100.0	  +1.0	 +0.5000	 -0.0016	  -314.642
1779638036.699	 +100.0	  +1.0	 +0.5000	 -0.0012	  -418.734
1779638036.799	 +100.0	  +1.0	 +0.5000	 -0.0010	  -492.950
1779638036.899	 +100.0	  +1.0	 +0.5000	 -0.0008	      +inf
1779638036.999	 +100.0	  +1.0	 +0.5000	 -0.0006	      +inf
1779638037.099	 +100.0	  +1.0	 +0.5000	 -0.0005	      +inf
1779638037.200	 +100.0	  +1.0	 +0.5000	 -0.0004	      +inf
1779638037.299	 +100.0	  +1.0	 +0.5000	 -0.0003	      +inf
1779638037.399	 +100.0	  +1.0	 +0.5000	 -0.0003	      +inf
1779638037.499	 +100.0	  +1.0	 +0.5000	 -0.0002	      +inf
1779638037.599	 +100.0	  +1.0	 +0.5000	 -0.0002	      +inf
1779638037.699	 +100.0	  +1.0	 +0.5000	 -0.0001	      +inf
1779638037.799	 +100.0	  +1.0	 +0.5000	 -0.0001	      +inf
1779638037.899	 +100.0	  +1.0	 +0.5000	 -0.0001	      +inf
1779638037.999	 +100.0	  +1.0	 +0.5000	 -0.0001	      +inf
1779638038.099	 +100.0	  +1.0	 +0.5000	 -0.0001	      +inf
1779638038.199	 +100.0	  +1.0	 +0.5000	 -0.0000	      +inf
1779638038.299	 +100.0	  +1.0	 +0.5000	 -0.0000	      +inf
1779638038.399	 +100.0	  +1.0	 +0.5000	 -0.0000	      +inf
1779638038.499	 +100.0	  +1.0	 +0.5000	 -0.0000	      +inf
1779638038.599	 +100.0	  +1.0	 +0.5000	 -0.0000	      +inf
1779638038.699	 +100.0	  +1.0	 +0.5000	 -0.0000	      +inf
1779638038.799	 +100.0	  +1.0	 +0.5000	 -0.0000	      +inf
1779638038.899	 +100.0	  +1.0	 +0.5000	 -0.0000	      +inf
1779638038.999	 +100.0	  +1.0	 +0.5000	 -0.0000	      +inf
1779638039.099	 +100.0	  +1.0	 +0.5000	 -0.0000	      +inf
1779638039.199	 +100.0	  +1.0	 +0.5000	 -0.0000	      +inf
1779638039.299	 +100.0	  +1.0	 +0.5000	 -0.0000	      +inf
1779638039.399	 +100.0	  +1.0	 +0.5000	 -0.0000	      +inf
1779638039.499	 +100.0	  +1.0	 +0.5000	 -0.0000	      +inf
1779638039.599	 +100.0	  +1.0	 +0.5000	 -0.0000	      +inf
1779638039.699	 +100.0	  +1.0	 +0.5000	 -0.0000	      +inf
1779638039.799	 +100.0	  +0.0	 +0.5000	 -0.0000	      +inf
1779638039.899	 +100.0	  +0.0	 +0.3200	 -0.0000	      +inf
1779638039.999	 +100.0	  +0.0	 +0.0671	 -0.0000	      +inf
1779638040.099	  +95.0	  +0.0	 +0.0344	 -0.0000	      +inf
1779638040.199	  +95.0	  +0.0	 +0.0113	 -0.0001	      +inf
1779638040.299	  +95.0	  +0.0	 +0.0037	 -0.0001	      +inf
1779638040.399	  +95.0	  +0.0	 +0.0005	 -0.0000	      +inf
1779638040.499	  +95.0	  +0.0	 +0.0002	 -0.0000	      +inf
1779638040.599	  +95.0	  +0.0	 +0.0001	 -0.0000	      +inf
1779638040.699	  +95.0	  +0.0	 +0.0000	 -0.0000	      +inf
1779638040.799	  +95.0	  +0.0	 +0.0000	 -0.0000	      +inf
1779638040.899	  +95.0	  +0.0	 +0.0000	 -0.0000	      +inf
1779638040.999	  +95.0	  +0.0	 +0.0000	 -0.0000	      +inf
1779638041.099	  +95.0	  +0.0	 +0.0000	 -0.0000	      +inf
1779638041.199	  +95.0	  +0.0	 +0.0000	 -0.0000	      +inf
1779638041.299	  +95.0	  +0.0	 +0.0000	 -0.0000	      +inf
1779638041.399	  +95.0	  +0.0	 +0.0000	 -0.0000	      +inf
1779638041.499	  +95.0	  +0.0	 +0.0000	 -0.0000	      +inf
1779638041.599	  +95.0	  +0.0	 +0.0000	 -0.0000	      +inf
1779638041.699	  +95.0	  +0.0	 +0.0000	 -0.0000	      +inf
1779638041.799	  +95.0	  +0.0	 +0.0000	 -0.0000	      +inf
1779638041.899	  +95.0	  +0.0	 +0.0000	 -0.0000	      +inf
1779638041.999	  +95.0	  +0.0	 +0.0000	 -0.0000	      +inf
1779638042.099	  +95.0	  +0.0	 +0.0000	 -0.0000	      +inf
1779638042.199	  +95.0	  +0.0	 +0.0000	 -0.0000	      +inf
1779638042.299	  +95.0	  +0.0	 +0.0000	 -0.0000	      +inf
1779638042.399	  +95.0	  +0.0	 +0.0000	 -0.0000	      +inf
1779638042.499	  +95.0	  +0.0	 +0.0000	 -0.0000	      +inf
1779638042.599	  +95.0	  +0.0	 +0.0000	 -0.0000	      +inf
1779638042.699	  +95.0	  +0.0	 +0.0000	 -0.0000	      +inf
1779638042.799	  +95.0	  +0.0	 +0.0000	 -0.0000	      +inf
1779638042.899	  +95.0	  +0.0	 +0.0000	 -0.0000	      +inf
1779638042.999	  +95.0	  +0.0	 +0.0000	 -0.0000	      +inf
1779638043.099	  +95.0	  +0.0	 +0.0000	 -0.0000	      +inf
1779638043.199	  +95.0	  +0.0	 +0.0000	 -0.0000	      +inf
1779638043.299	  +95.0	  +0.0	 +0.0000	 -0.0000	      +inf
1779638043.399	  +95.0	  +0.0	 +0.0000	 -0.0000	      +inf
1779638043.499	  +95.0	  +0.0	 +0.0000	 -0.0000	      +inf
1779638043.599	  +95.0	  +0.0	 +0.0000	 -0.0000	      +inf
1779638043.699	  +95.0	  +0.0	 +0.0000	 -0.0000	      +inf
1779638043.799	  +95.0	  +0.0	 +0.0000	 -0.0000	      +inf
1779638043.899	  +95.0	  +0.0	 +0.0000	 -0.0000	      +inf
1779638043.999	  +95.0	  +0.0	 +0.0000	 -0.0000	      +inf
1779638044.099	  +95.0	  +0.0	 +0.0000	 -0.0000	      +inf
1779638044.199	  +95.0	  +0.0	 +0.0000	 -0.0000	      +inf
1779638044.299	  +95.0	  +0.0	 +0.0000	 -0.0000	      +inf
1779638044.399	  +95.0	  +0.0	 +0.0000	 -0.0000	      +inf
1779638044.499	  +95.0	  +0.0	 +0.0000	 -0.0000	      +inf
1779638044.599	  +95.0	  +0.0	 +0.0000	 -0.0000	      +inf
1779638044.699	  +95.0	  +0.0	 +0.0000	 -0.0000	      +inf
1779638044.799	  +95.0	  +0.0	 +0.0000	 -0.0000	      +inf
1779638044.899	  +95.0	  +0.0	 +0.0000	 -0.0000	      +inf
1779638044.999	  +95.0	  +0.0	 +0.0000	 -0.0000	      +inf
1779638045.099	  +95.0	  +0.0	 -2.9520	 +3.1621	    -0.934
1779638045.199	  +95.0	  +0.0	 -4.3289	-20.0780	    +0.216
1779638045.299	  +95.0	  +0.0	 -4.7801	 +8.5558	    -0.559
1779638045.399	  +95.0	  +0.0	 -4.9279	 +3.8874	    -1.268
1779638045.499	  +95.0	  +0.0	 -4.9764	 +2.4989	    -1.991
1779638045.599	  +95.0	  +0.0	 -4.9938	 +1.6929	    -2.950
1779638045.699	  +95.0	  +0.0	 -4.9980	 +1.2905	    -3.873
1779638045.799	  +95.0	  +0.0	 -4.9997	 +0.8776	    -5.697
1779638045.899	  +95.0	  +0.0	 -4.9999	 +0.7011	    -7.131
1779638045.999	  +95.0	  +0.0	 -5.0000	 +0.5405	    -9.251
1779638046.099	  +95.0	  +0.0	 -5.0000	 +0.4560	   -10.965
1779638046.199	  +95.0	  +0.0	 -2.6572	 +0.1609	   -16.513
1779638046.299	  +95.0	  +0.0	 +0.1504	 +0.2004	    +0.751
1779638046.399	  +95.0	  +0.0	 +2.1364	 -0.1006	   -21.237
1779638046.499	  +95.0	  +0.0	 +3.3091	 -4.0593	    -0.815
1779638046.599	  +95.0	  +0.0	 +4.0015	 +2.2754	    +1.759
1779638046.699	  +95.0	  +0.0	 +4.5224	 -0.1107	   -40.841
1779638046.799	  +95.0	  +0.0	 +4.6519	 -0.8225	    -5.656
1779638046.899	  +95.0	  +0.0	 +4.8651	 -5.9394	    -0.819
1779638046.999	  +95.0	  +0.0	 +4.8907	-11.4892	    -0.426
1779638047.099	  +95.0	  +0.0	 +4.9530	 +6.0600	    +0.817
1779638047.199	  +95.0	  +0.0	 +4.9750	 +2.9813	    +1.669
1779638047.299	  +95.0	  +0.0	 +4.9852	 +2.0568	    +2.424
1779638047.399	  +95.0	  +0.0	 +4.9913	 +1.5273	    +3.268
1779638047.499	  +95.0	  +0.0	 +4.9954	 +1.1207	    +4.457
1779638047.599	  +95.0	  +0.0	 +4.9973	 +0.8849	    +5.647
1779638047.699	  +95.0	  +0.0	 +4.9984	 +0.7069	    +7.071
1779638047.799	  +95.0	  +0.0	 +4.9990	 +0.5687	    +8.790
1779638047.899	  +95.0	  +0.0	 +4.9996	 +0.3885	   +12.868
1779638047.999	  +95.0	  +0.0	 +4.9998	 +0.3155	   +15.847
1779638048.099	  +95.0	  +0.0	 +4.9998	 +0.2904	   +17.217
1779638048.199	  +95.0	  +0.0	 +4.9999	 +0.1923	   +25.998
1779638048.299	  +95.0	  +0.0	 +5.0000	 +0.1632	   +30.636
1779638048.399	  +95.0	  +0.0	 +5.0000	 +0.1330	   +37.600
1779638048.499	  +95.0	  +0.0	 +5.0000	 +0.1084	   +46.137
1779638048.599	  +95.0	  +0.0	 +5.0000	 +0.0848	   +58.965
1779638048.699	  +95.0	  +0.0	 +5.0000	 +0.0691	   +72.331
1779638048.799	  +95.0	  +0.0	 +5.0000	 +0.0499	  +100.288
1779638048.899	  +95.0	  +0.0	 +5.0000	 +0.0390	  +128.135
1779638048.999	  +95.0	  +0.0	 +5.0000	 +0.0375	  +133.474
1779638049.099	  +95.0	  +0.0	 +5.0000	 +0.0293	  +170.523
1779638049.199	  +95.0	  +0.0	 +5.0000	 +0.0203	  +246.244
1779638049.299	  +95.0	  +0.0	 +5.0000	 +0.0166	  +302.026
1779638049.399	  +95.0	  +0.0	 +5.0000	 +0.0135	  +370.447
1779638049.499	  +95.0	  +0.0	 +5.0000	 +0.0110	  +454.332
1779638049.599	  +95.0	  +0.0	 +5.0000	 +0.0086	  +580.434
1779638049.699	  +95.0	  +0.0	 +5.0000	 +0.0070	  +711.897
1779638049.799	  +95.0	  +0.0	 +5.0000	 +0.0057	  +872.991
1779638049.899	  +95.0	  +0.0	 +5.0000	 +0.0045	 +1115.117
1779638049.999	  +95.0	  +0.0	 +5.0000	 +0.0032	 +1545.826
1779638050.099	  +95.0	  +0.0	 +5.0000	 +0.0026	 +1895.724
1779638050.199	  +95.0	  +0.0	 +5.0000	 +0.0026	 +1895.724
1779638050.299	  +95.0	  +0.0	 +5.0000	 +0.0017	 +2971.087
1779638050.399	  +95.0	  +0.0	 +5.0000	 +0.0014	 +3644.347
1779638050.499	  +95.0	  +0.0	 +5.0000	 +0.0011	 +4471.031
1779638050.599	  +95.0	  +0.0	 +5.0000	 +0.0009	      +inf
1779638050.699	  +95.0	  +0.0	 +5.0000	 +0.0007	      +inf
1779638050.799	  +95.0	  +0.0	 +5.0000	 +0.0006	      +inf
1779638050.899	  +95.0	  +0.0	 +5.0000	 +0.0005	      +inf
1779638050.999	  +95.0	  +0.0	 +5.0000	 +0.0004	      +inf
1779638051.099	  +95.0	  +0.0	 +5.0000	 +0.0003	      +inf
1779638051.199	  +95.0	  +0.0	 +5.0000	 +0.0002	      +inf
1779638051.299	  +95.0	  +0.0	 +5.0000	 +0.0002	      +inf
1779638051.399	  +95.0	  +0.0	 +5.0000	 +0.0001	      +inf
1779638051.499	  +95.0	  +0.0	 +5.0000	 +0.0001	      +inf
1779638051.599	  +95.0	  +0.0	 +5.0000	 +0.0001	      +inf
1779638051.699	  +95.0	  +0.0	 +5.0000	 +0.0001	      +inf
1779638051.799	  +95.0	  +0.0	 +5.0000	 +0.0001	      +inf
1779638051.899	  +95.0	  +0.0	 +5.0000	 +0.0000	      +inf
1779638051.999	  +95.0	  +0.0	 +5.0000	 +0.0000	      +inf
1779638052.099	  +95.0	  +0.0	 +2.5600	 +0.0000	      +inf
1779638052.199	  +95.0	  +0.0	 +0.3436	 +0.0517	    +6.651
1779638052.299	  +95.0	  +0.0	 -0.8593	 +2.2076	    -0.389
1779638052.399	  +95.0	  +0.0	 -3.9145	 -0.4104	    +9.539
1779638052.499	  +95.0	  +0.0	 -4.7155	-363.4998	    +0.013
1779638052.599	  +95.0	  +0.0	 -4.9068	 +1.6700	    -2.938
1779638052.699	  +95.0	  +0.0	 -4.9804	 -0.5110	    +9.747
1779638052.799	  +95.0	  +0.0	 -4.9900	 -1.3199	    +3.781
1779638052.899	  +95.0	  +0.0	 -2.9465	 -2.0856	    +1.413
1779638052.999	  +95.0	  +0.0	 +0.7769	 +0.3106	    +2.501
1779638053.099	  +95.0	  +0.0	 +2.5063	 -1.9690	    -1.273
1779638053.199	  +95.0	  +0.0	 +3.5275	 +0.7795	    +4.525
1779638053.299	  +95.0	  +0.0	 +4.4295	+153.6805	    +0.029
1779638053.399	  +95.0	  +0.0	 +4.5379	 +4.5436	    +0.999
1779638053.499	  +95.0	  +0.0	 +4.8011	 -0.0313	  -153.295
1779638053.599	  +95.0	  +0.0	 +4.8825	 -1.3171	    -3.707
1779638053.699	  +95.0	  +0.0	 +4.9376	 -4.3769	    -1.128
1779638053.799	  +95.0	  +0.0	 +4.9631	-35.6618	    -0.139
1779638053.899	  +95.0	  +0.0	 +4.9782	 +7.9757	    +0.624
1779638053.999	  +95.0	  +0.0	 +4.9896	 +3.0846	    +1.618
1779638054.099	  +95.0	  +0.0	 +4.9950	 +1.8570	    +2.690
1779638054.199	  +95.0	  +0.0	 +4.9971	 +1.3987	    +3.573
1779638054.299	  +95.0	  +0.0	 +4.9983	 +1.0866	    +4.600
1779638054.399	  +95.0	  +0.0	 +4.9991	 +0.8212	    +6.087
1779638054.499	  +95.0	  +0.0	 +4.9995	 +0.6577	    +7.601
1779638054.599	  +95.0	  +0.0	 +4.9997	 +0.5300	    +9.433
1779638054.699	  +95.0	  +0.0	 +4.9998	 +0.4289	   +11.658
1779638054.799	  +95.0	  +0.0	 +4.9999	 +1.6005	    +3.124
1779638054.899	  +95.0	  +0.0	 +1.6384	 +0.0768	   +21.337
1779638054.999	  +95.0	  +0.0	 -1.2631	 +1.8664	    -0.677
1779638055.099	  +95.0	  +0.0	 -3.7755	 -0.1436	   +26.284
1779638055.199	  +95.0	  +0.0	 -4.8357	 +4.2541	    -1.137
1779638055.299	  +95.0	  +0.0	 -4.9461	 +0.7285	    -6.790
1779638055.399	  +95.0	  +0.0	 -4.9824	 -0.5998	    +8.306
1779638055.499	  +95.0	  +0.0	 -4.9954	 -2.5774	    +1.938
1779638055.599	  +95.0	  +0.0	 -4.9985	 -7.9061	    +0.632
1779638055.699	  +95.0	  +0.0	 -4.9995	+22.6550	    -0.221
1779638055.799	  +95.0	  +0.0	 -4.9998	 +5.2844	    -0.946
1779638055.899	  +95.0	  +0.0	 -5.0000	 +2.7753	    -1.802
1779638055.999	  +95.0	  +0.0	 -5.0000	 +1.9457	    -2.570
1779638056.099	  +95.0	  +0.0	 -5.0000	 +1.4557	    -3.435
1779638056.199	  +95.0	  +0.0	 -5.0000	 +1.1266	    -4.438
1779638056.299	  +95.0	  +0.0	 -5.0000	 +0.7420	    -6.738
1779638059.989	  +95.0	  +0.0	 -5.0000	 +0.7099	    -7.044
1779638059.999	  +95.0	  +0.0	 -5.0000	 +0.6502	    -7.690
1779638060.099	  +95.0	  +0.0	 -4.5000	 +0.4332	   -10.387
1779638060.199	  +95.0	  +0.0	 -4.5000	 +0.4332	   -10.387
1779638060.299	  +95.0	  +0.0	 +0.3074	 -7.8696	    -0.039
1779638060.399	  +95.0	  +0.0	 +2.2290	 +0.1197	   +18.619
1779638060.499	  +95.0	  +0.0	 +3.3638	 -2.3523	    -1.430
1779638060.599	  +95.0	  +0.0	 +4.0338	 +3.3713	    +1.197
1779638060.699	  +95.0	  +0.0	 +4.4865	 +0.3594	   +12.483
1779638060.799	  +95.0	  +0.0	 +4.6968	 -0.8364	    -5.615
1779638060.899	  +95.0	  +0.0	 +4.8210	 -2.5406	    -1.898
1779638060.999	  +95.0	  +0.0	 +4.8695	 -4.6937	    -1.037
1779638061.099	  +95.0	  +0.0	 +4.9306	+59.1322	    +0.083
1779638061.199	  +95.0	  +0.0	 +1.6157	 +0.0033	  +483.330
1779638061.299	  +95.0	  +0.0	 +0.5294	 -1.2084	    -0.438
1779638061.399	  +95.0	  +0.0	 -4.4177	 -9.2079	    +0.480
1779638061.499	  +95.0	  +0.0	 -4.8092	 +2.2136	    -2.173
1779638061.599	  +95.0	  +0.0	 -4.9500	 -0.0256	  +193.060
1779638061.699	  +95.0	  +0.0	 -4.9836	 -1.3364	    +3.729
1779638061.799	  +95.0	  +0.0	 -4.9916	 -2.4381	    +2.047
1779638061.899	  +95.0	  +0.0	 -4.9978	-10.0757	    +0.496
1779638061.999	  +95.0	  +0.0	 -4.9996	 +6.5497	    -0.763
1779638062.099	  +95.0	  +0.0	 -4.9998	 +4.7800	    -1.046
1779638062.199	  +95.0	  +0.0	 -3.6449	 -5.4433	    +0.670
1779638062.299	  +95.0	  +0.0	 -2.9524	 -0.5963	    +4.952
1779638062.399	  +95.0	  +0.0	 +1.8182	 +0.2199	    +8.270
1779638062.499	  +95.0	  +0.0	 +3.3091	 -2.8439	    -1.164
1779638062.599	  +95.0	  +0.0	 +4.0015	 +2.8292	    +1.414
1779638062.699	  +95.0	  +0.0	 +4.4104	 +0.5091	    +8.662
1779638062.799	  +95.0	  +0.0	 +4.6132	 -0.4411	   -10.458
1779638062.899	  +95.0	  +0.0	 +4.7716	 -1.8558	    -2.571
1779638062.999	  +95.0	  +0.0	 +4.8651	 -5.1415	    -0.946
1779638063.100	  +95.0	  +0.0	 +4.9477	 +8.3626	    +0.592
1779638063.199	  +95.0	  +0.0	 +3.9726	 +3.0560	    +1.300
1779638063.299	  +95.0	  +0.0	 +1.3017	 -1.6584	    -0.785
1779638063.399	  +95.0	  +0.0	 +0.3412	 +0.2413	    +1.414
1779638063.499	  +95.0	  +0.0	 -3.2498	 +0.7800	    -4.166
1779638063.599	  +95.0	  +0.0	 -4.5412	 -2.4973	    +1.818
1779638063.699	  +95.0	  +0.0	 -4.8497	 +5.1966	    -0.933
1779638063.799	  +95.0	  +0.0	 -4.9507	 +0.8594	    -5.761
1779638063.899	  +95.0	  +0.0	 -4.9839	 -0.5009	    +9.950
1779638063.999	  +95.0	  +0.0	 -4.9947	 -1.9794	    +2.523
1779638064.099	  +95.0	  +0.0	 -4.9989	 -4.0914	    +1.222
1779638064.199	  +95.0	  +0.0	 -2.1519	 -3.3735	    +0.638
1779638064.299	  +95.0	  +0.0	 +0.0843	 -0.0028	   -30.066
1779638064.399	  +95.0	  +0.0	 +2.0974	 -2.3484	    -0.893
1779638064.499	  +95.0	  +0.0	 +3.2860	 +1.9619	    +1.675
1779638064.599	  +95.0	  +0.0	 +4.0891	 +0.1394	   +29.333
1779638064.699	  +95.0	  +0.0	 +4.4621	 -1.0000	    -4.462
1779638064.799	  +95.0	  +0.0	 +4.6824	 -2.8942	    -1.618
1779638064.899	  +95.0	  +0.0	 +4.8125	-10.6811	    -0.451
1779638064.999	  +95.0	  +0.0	 +4.9273	 -5.1618	    -0.955
1779638065.099	  +95.0	  +0.0	 +4.9571	 -0.8462	    -5.858
1779638065.199	  +95.0	  +0.0	 +4.9747	 +0.5105	    +9.745
1779638065.299	  +95.0	  +0.0	 +4.9850	 +1.9916	    +2.503
1779638065.399	  +95.0	  +0.0	 +4.9879	 +2.9086	    +1.715
1779638065.499	  +95.0	  +0.0	 +1.6363	 -0.1912	    -8.558
1779638065.599	  +95.0	  +0.0	 +0.8378	 +0.1564	    +5.358
1779638065.699	  +95.0	  +0.0	 +0.1757	 -0.2861	    -0.614
1779638065.799	  +95.0	  +0.0	 +0.0720	 -0.0244	    -2.946
1779638065.899	  +95.0	  +0.0	 +0.0236	 -0.0005	      +inf
1779638065.999	  +95.0	  +0.0	 +0.0077	 +0.0016	    +4.803
1779638066.099	  +95.0	  +0.0	 +0.0016	 +0.0012	    +1.390
1779638066.199	  +95.0	  +0.0	 +0.0010	 +0.0011	    +0.967
1779638066.299	  +95.0	  +0.0	 +0.0001	 -0.0004	      +inf
1779638066.399	  +95.0	  +0.0	 +0.0000	 -0.0000	      +inf
1779638066.499	  +95.0	  +0.0	 +0.0000	 -0.0000	      +inf
1779638066.599	  +95.0	  +0.0	 +0.0000	 -0.0000	      +inf
1779638066.699	  +95.0	  +0.0	 +0.0000	 -0.0000	      +inf
1779638066.799	  +95.0	  +0.0	 +0.0000	 -0.0000	      +inf
1779638066.899	  +95.0	  +0.0	 +0.0000	 -0.0000	      +inf
1779638066.999	  +95.0	  +0.0	 +0.0000	 -0.0000	      +inf
1779638067.099	  +95.0	  +0.0	 +0.0000	 -0.0000	      +inf
1779638067.199	  +95.0	  +0.0	 +0.0000	 -0.0000	      +inf
1779638067.299	  +95.0	  +0.0	 +0.0000	 -0.0000	      +inf
1779638067.399	  +95.0	  +0.0	 +0.0000	 -0.0000	      +inf
1779638067.499	  +95.0	  +0.0	 +0.0000	 -0.0000	      +inf
1779638067.599	  +95.0	  +0.0	 +0.0000	 -0.0000	      +inf
1779638067.699	  +95.0	  +0.0	 +0.0000	 -0.0000	      +inf
1779638067.799	  +95.0	  +0.0	 +0.0000	 -0.0000	      +inf
1779638067.899	  +95.0	  +0.0	 +0.0000	 -0.0000	      +inf
1779638067.999	  +95.0	  +0.0	 +0.0000	 -0.0000	      +inf
1779638068.099	  +95.0	  +0.0	 +0.0000	 -0.0000	      +inf
1779638068.199	  +95.0	  +0.0	 +0.0000	 -0.0000	      +inf
1779638068.299	  +95.0	  +0.0	 +0.0000	 -0.0000	      +inf
1779638068.399	  +95.0	  +0.0	 +0.0000	 -0.0000	      +inf
1779638068.499	  +95.0	  +0.0	 +0.0000	 -0.0000	      +inf
1779638068.599	  +95.0	  +0.0	 +0.0000	 -0.0000	      +inf
1779638068.699	  +95.0	  +0.0	 +0.0000	 -0.0000	      +inf
1779638068.799	  +95.0	  +0.0	 +0.0000	 -0.0000	      +inf
1779638068.899	  +95.0	  +0.0	 +0.0000	 -0.0000	      +inf
1779638068.999	  +95.0	  +0.0	 +0.0000	 -0.0000	      +inf
1779638069.099	  +95.0	  +0.0	 +0.0000	 -0.0000	      +inf
1779638069.199	  +95.0	  +0.0	 +0.0000	 -0.0000	      +inf
1779638069.299	  +95.0	  +0.0	 +0.0000	 -0.0000	      +inf
1779638069.399	  +95.0	  +0.0	 +0.0000	 -0.0000	      +inf
1779638069.499	  +95.0	  +0.0	 +0.0000	 -0.0000	      +inf
1779638069.599	  +95.0	  +0.0	 +0.0000	 -0.0000	      +inf
1779638069.699	  +95.0	  +0.0	 +0.0000	 -0.0000	      +inf
1779638069.799	  +95.0	  +0.0	 +0.0000	 -0.0000	      +inf
1779638069.899	  +95.0	  +0.0	 +0.0000	 -0.0000	      +inf
1779638069.999	  +95.0	  +0.0	 +0.0000	 -0.0000	      +inf
1779638070.099	  +95.0	  +0.0	 +0.0000	 -0.0000	      +inf
1779638070.199	  +95.0	  +0.0	 +0.0000	 -0.0000	      +inf
1779638070.299	  +95.0	  +0.0	 +0.0000	 -0.0000	      +inf
1779638070.399	  +95.0	  +0.0	 +0.0000	 -0.0000	      +inf
1779638070.499	  +95.0	  +0.0	 +0.0000	 -0.0000	      +inf
1779638070.599	  +95.0	  +0.0	 +0.0000	 -0.0000	      +inf
1779638070.699	  +95.0	  +0.0	 +0.0000	 -0.0000	      +inf
1779638070.799	  +95.0	  +0.0	 +0.0000	 -0.0000	      +inf
1779638070.899	  +95.0	  +0.0	 +0.0000	 -0.0000	      +inf
1779638070.999	  +95.0	  +0.0	 +0.0000	 -0.0000	      +inf
1779638071.099	  +95.0	  +0.0	 +0.0000	 -0.0000	      +inf
1779638071.199	  +95.0	  +0.0	 +0.0000	 -0.0000	      +inf
1779638071.299	  +95.0	  +0.0	 +0.0000	 -0.0000	      +inf
1779638071.399	  +95.0	  +0.0	 +0.0000	 -0.0000	      +inf
1779638071.499	  +95.0	  +0.0	 +0.0000	 -0.0000	      +inf
1779638071.599	  +95.0	  +0.0	 +0.0000	 -0.0000	      +inf
1779638071.699	  +95.0	  +0.0	 +0.0000	 -0.0000	      +inf
1779638071.799	  +95.0	  +0.0	 +0.0000	 -0.0000	      +inf
1779638071.899	  +95.0	  +0.0	 +0.0000	 -0.0000	      +inf
1779638071.999	  +95.0	  +0.0	 +0.0000	 -0.0000	      +inf
1779638072.099	  +95.0	  +0.0	 +0.0000	 -0.0000	      +inf
1779638072.199	  +95.0	  +0.0	 +0.0000	 -0.0000	      +inf
1779638072.299	  +95.0	  +0.0	 +0.0000	 -0.0000	      +inf
1779638072.399	  +95.0	  +0.0	 +0.0000	 -0.0000	      +inf
1779638072.499	  +95.0	  +0.0	 +0.0000	 -0.0000	      +inf
1779638072.599	  +95.0	  +0.0	 +0.0000	 -0.0000	      +inf
1779638072.699	  +95.0	  +0.0	 +0.0000	 -0.0000	      +inf
1779638072.799	  +95.0	  +0.0	 +0.0000	 -0.0000	      +inf
1779638072.899	 +100.0	  +0.0	 +0.0000	 -0.0000	      +inf
1779638072.999	 +100.0	  +0.0	 +0.0000	 -0.0000	      +inf
1779638073.099	 +100.0	  +0.0	 +0.0000	 -0.0000	      +inf
1779638073.199	 +100.0	  +0.0	 +0.0000	 -0.0000	      +inf
1779638073.299	 +100.0	  +0.0	 +0.0000	 -0.0000	      +inf
1779638073.399	 +100.0	  +0.0	 +0.0000	 -0.0000	      +inf
1779638073.499	 +100.0	  +0.0	 +0.0000	 -0.0000	      +inf
1779638073.599	 +100.0	  +0.0	 +0.0000	 -0.0000	      +inf
1779638073.699	 +100.0	  +0.0	 +0.0000	 -0.0000	      +inf
1779638073.799	 +100.0	  +0.0	 +0.0000	 -0.0000	      +inf
1779638073.899	 +100.0	  +0.0	 +0.0000	 -0.0000	      +inf
1779638073.999	 +100.0	  +0.0	 +0.0000	 -0.0000	      +inf
1779638074.099	 +100.0	  +0.0	 +0.0000	 -0.0000	      +inf
1779638074.199	 +100.0	  +0.0	 +0.0000	 -0.0000	      +inf
1779638074.299	 +100.0	  +0.0	 +0.0000	 -0.0000	      +inf
1779638074.399	 +100.0	  +0.0	 +0.0000	 -0.0000	      +inf
1779638074.499	 +100.0	  +0.0	 +0.0000	 -0.0000	      +inf
1779638074.599	 +100.0	  +0.0	 +0.0000	 -0.0000	      +inf
1779638074.699	 +100.0	  +0.0	 +0.0000	 -0.0000	      +inf
1779638074.799	 +100.0	  +0.0	 +0.0000	 -0.0000	      +inf
1779638074.899	 +100.0	  +0.0	 +0.0000	 -0.0000	      +inf
1779638074.999	 +100.0	  +1.0	 +0.0000	 -0.0000	      +inf
1779638075.099	 +100.0	  +1.0	 +0.1355	 -0.0001	      +inf
1779638075.199	 +100.0	  +1.0	 +0.2848	 -0.0002	      +inf
1779638075.299	 +100.0	  +1.0	 +0.3729	 -0.0002	      +inf
1779638075.399	 +100.0	  +1.0	 +0.4325	 -0.0002	      +inf
1779638075.499	 +100.0	  +1.0	 +0.4601	 -0.0002	      +inf
1779638075.599	 +100.0	  +1.0	 +0.4828	 -0.0001	      +inf
1779638075.699	 +100.0	  +1.0	 +0.4887	 -0.0001	      +inf
1779638075.799	 +100.0	  +1.0	 +0.4946	 -0.0001	      +inf
1779638075.899	 +100.0	  +2.0	 +0.4968	 -0.0001	      +inf
1779638075.999	 +100.0	  +2.0	 +0.6336	 -0.0001	      +inf
1779638076.099	 +100.0	  +2.0	 +0.8053	 -0.0001	      +inf
1779638076.199	 +100.0	  +2.0	 +0.8850	 -0.0001	      +inf
1779638076.299	 +100.0	  +2.0	 +0.9321	 -0.0001	      +inf
1779638076.399	 +100.0	  +2.0	 +0.9599	 -0.0001	      +inf
1779638076.499	 +100.0	  +2.0	 +0.9763	 -0.0000	      +inf
1779638076.599	 +100.0	  +2.0	 +0.9874	 -0.0000	      +inf
1779638076.699	 +100.0	  +2.0	 +0.9951	 -0.0000	      +inf
1779638076.799	 +100.0	  +2.0	 +0.9971	 -0.0000	      +inf
1779638076.899	 +100.0	  +2.0	 +0.9971	 -0.0000	      +inf
1779638076.999	 +100.0	  +2.0	 +0.9990	 -0.0000	      +inf
1779638077.099	 +100.0	  +2.0	 +0.9994	 -0.0000	      +inf
1779638077.199	 +100.0	  +2.0	 +0.9997	 -0.0000	      +inf
1779638077.299	 +100.0	  +2.0	 +0.9998	 -0.0000	      +inf
1779638077.399	 +100.0	  +2.0	 +0.9999	 -0.0000	      +inf
1779638077.499	 +100.0	  +2.0	 +0.9999	 -0.0000	      +inf
1779638077.599	 +100.0	  +2.0	 +1.0000	 -0.0000	      +inf
1779638077.699	 +100.0	  +2.0	 +1.0000	 -0.0000	      +inf
1779638077.799	 +100.0	  +2.0	 +1.0000	 -0.0000	      +inf
1779638077.899	 +100.0	  +2.0	 +1.0000	 -0.0000	      +inf
1779638077.999	 +100.0	  +3.0	 +1.0000	 -0.0000	      +inf
1779638078.099	 +100.0	  +3.0	 +1.1355	 -0.0000	      +inf
1779638078.199	 +100.0	  +3.0	 +1.2848	 -0.0000	      +inf
1779638078.299	 +100.0	  +3.0	 +1.3729	 -0.0000	      +inf
1779638078.399	 +100.0	  +3.0	 +1.4392	 -0.0000	      +inf
1779638078.499	 +100.0	  +3.0	 +1.4601	 -0.0000	      +inf
1779638078.599	 +100.0	  +3.0	 +1.4764	 -0.0000	      +inf
1779638078.699	 +100.0	  +3.0	 +1.4875	 -0.0000	      +inf
1779638078.799	 +100.0	  +3.0	 +1.4909	 -0.0000	      +inf
1779638078.899	 +100.0	  +3.0	 +1.4968	 -0.0000	      +inf
1779638078.999	 +100.0	  +3.0	 +1.4979	 -0.0000	      +inf
1779638079.099	 +100.0	  +3.0	 +1.4990	 -0.0000	      +inf
1779638079.199	 +100.0	  +3.0	 +1.4994	 -0.0000	      +inf
1779638079.299	 +100.0	  +3.0	 +1.4997	 -0.0000	      +inf
1779638079.399	 +100.0	  +3.0	 +1.4998	 -0.0000	      +inf
1779638079.499	 +100.0	  +4.0	 +1.4999	 -0.0000	      +inf
1779638079.599	 +100.0	  +4.0	 +1.6719	 -0.0000	      +inf
1779638079.699	 +100.0	  +4.0	 +1.7608	 -0.0000	      +inf
1779638079.799	 +100.0	  +4.0	 +1.8856	 -0.0000	      +inf
1779638079.899	 +100.0	  +4.0	 +1.9453	 -0.0000	      +inf
1779638079.999	 +100.0	  +4.0	 +1.9453	 -0.0000	      +inf
1779638080.099	 +100.0	  +4.0	 +1.9809	 -0.0000	      +inf
1779638080.199	 +100.0	  +4.0	 +1.9899	 -0.0000	      +inf
1779638080.299	 +100.0	  +4.0	 +1.9940	 -0.0000	      +inf
1779638080.399	 +100.0	  +5.0	 +1.9965	 -0.0000	      +inf
1779638080.499	 +100.0	  +5.0	 +2.0929	 -0.0000	      +inf
1779638080.599	 +100.0	  +6.0	 +2.2837	 -0.0000	      +inf
1779638080.699	 +100.0	  +6.0	 +2.5205	 -0.0000	      +inf
1779638080.799	 +100.0	  +7.0	 +2.7452	 -0.0000	      +inf
1779638080.899	 +100.0	  +7.0	 +2.9850	 -0.0000	      +inf
1779638080.999	 +100.0	  +8.0	 +3.1959	 -0.0000	      +inf
1779638081.099	 +100.0	  +8.0	 +3.5265	 -0.0000	      +inf
1779638081.199	 +100.0	  +8.0	 +3.7204	 -0.0000	      +inf
1779638081.299	 +100.0	  +8.0	 +3.8514	 -0.0000	      +inf
1779638081.399	 +100.0	  +8.0	 +3.9123	 -0.0000	      +inf
1779638081.499	 +100.0	  +8.0	 +3.9482	 -0.0000	      +inf
1779638081.599	 +100.0	  +8.0	 +3.9694	 -0.0000	      +inf
1779638081.699	 +100.0	  +8.0	 +3.9799	 -0.0000	      +inf
1779638081.799	 +100.0	  +8.0	 +3.9922	 -0.0000	      +inf
1779638081.899	 +100.0	  +8.0	 +3.9963	 -0.0000	      +inf
1779638081.999	 +100.0	  +9.0	 +3.9978	 -0.0000	      +inf
1779638082.099	 +100.0	  +9.0	 +4.1707	 -0.0000	      +inf
1779638082.199	 +100.0	 +10.0	 +4.3055	 -0.0000	      +inf
1779638082.299	 +100.0	 +10.0	 +4.5207	 -0.0000	      +inf
1779638082.399	 +100.0	 +10.0	 +4.7453	 -0.0000	      +inf
1779638082.499	 +100.0	 +10.0	 +4.8496	 -0.0000	      +inf
1779638082.599	 +100.0	 +10.0	 +4.9112	 -0.0000	      +inf
1779638082.699	 +100.0	 +10.0	 +4.9476	 -0.0000	      +inf
1779638082.799	 +100.0	 +10.0	 +4.9749	 -0.0000	      +inf
1779638082.899	 +100.0	 +10.0	 +4.9880	 -0.0000	      +inf
1779638082.999	 +100.0	 +10.0	 +4.9913	 -0.0000	      +inf
1779638083.099	 +100.0	 +10.0	 +4.9958	 -0.0000	      +inf
1779638083.199	 +100.0	 +10.0	 +4.9975	 -0.0000	      +inf
1779638083.299	 +100.0	 +10.0	 +4.9987	 -0.0000	      +inf
1779638083.399	 +100.0	 +10.0	 +4.9992	 -0.0000	      +inf
1779638083.499	 +100.0	 +10.0	 +4.9995	 -0.0000	      +inf
1779638083.599	 +100.0	 +10.0	 +4.9998	 -0.0000	      +inf
1779638083.699	 +100.0	 +10.0	 +4.9999	 -0.0000	      +inf
1779638083.799	 +100.0	 +10.0	 +4.9999	 -0.0000	      +inf
1779638083.899	 +100.0	 +10.0	 +5.0000	 -0.0000	      +inf
1779638083.999	 +100.0	 +10.0	 +5.0000	 -0.0000	      +inf
1779638084.099	 +100.0	 +10.0	 +5.0000	 -0.0000	      +inf
1779638084.199	 +100.0	 +10.0	 +5.0000	 -0.0000	      +inf
1779638084.299	 +100.0	 +10.0	 +5.0000	 -0.0000	      +inf
1779638084.399	 +100.0	 +10.0	 +5.0000	 -0.0000	      +inf
1779638084.499	 +100.0	 +10.0	 +5.0000	 -0.0000	      +inf
1779638084.599	 +100.0	 +10.0	 +5.0000	 -0.0000	      +inf
1779638084.699	 +100.0	 +10.0	 +5.0000	 -0.0000	      +inf
1779638084.799	 +100.0	 +10.0	 +5.0000	 -0.0000	      +inf
1779638084.899	 +100.0	 +10.0	 +5.0000	 -0.0000	      +inf
1779638084.999	 +100.0	 +10.0	 +5.0000	 -0.0000	      +inf
1779638085.099	 +100.0	 +10.0	 +5.0000	 -0.0000	      +inf
1779638085.199	 +100.0	 +10.0	 +5.0000	 -0.0000	      +inf
1779638085.299	 +100.0	 +10.0	 +5.0000	 -0.0000	      +inf
1779638085.399	 +100.0	 +10.0	 +5.0000	 -0.0000	      +inf
1779638085.499	 +100.0	 +10.0	 +5.0000	 -0.0000	      +inf
1779638085.599	 +100.0	 +10.0	 +5.0000	 -0.0000	      +inf
1779638085.699	 +100.0	 +10.0	 +5.0000	 -0.0000	      +inf
1779638085.799	 +100.0	 +10.0	 +5.0000	 -0.0000	      +inf
1779638085.899	 +100.0	 +10.0	 +5.0000	 -0.0000	      +inf
1779638085.999	 +100.0	 +10.0	 +5.0000	 -0.0000	      +inf
1779638086.099	 +100.0	 +10.0	 +5.0000	 -0.0000	      +inf
1779638086.199	 +100.0	 +10.0	 +5.0000	 -0.0000	      +inf
1779638086.299	 +100.0	 +10.0	 +5.0000	 -0.0000	      +inf
1779638086.399	 +100.0	 +10.0	 +5.0000	 -0.0000	      +inf
1779638086.499	 +100.0	 +10.0	 +5.0000	 -0.0000	      +inf
1779638086.599	 +100.0	 +10.0	 +5.0000	 -0.0000	      +inf
1779638086.699	 +100.0	 +10.0	 +5.0000	 -0.0000	      +inf
1779638086.799	 +100.0	 +10.0	 +5.0000	 -0.0000	      +inf
1779638086.899	 +100.0	 +10.0	 +5.0000	 -0.0000	      +inf
1779638086.999	 +100.0	 +10.0	 +5.0000	 -0.0000	      +inf
1779638087.099	 +100.0	 +10.0	 +5.0000	 -0.0000	      +inf
1779638087.199	 +100.0	 +10.0	 +5.0000	 -0.0000	      +inf
1779638087.299	 +100.0	 +10.0	 +5.0000	 -0.0000	      +inf
1779638087.399	 +100.0	 +10.0	 +5.0000	 -0.0000	      +inf
1779638087.499	 +100.0	 +10.0	 +5.0000	 -0.0000	      +inf
1779638087.599	 +100.0	 +10.0	 +5.0000	 -0.0000	      +inf
1779638087.699	 +100.0	 +10.0	 +5.0000	 -0.0000	      +inf
1779638087.799	 +100.0	 +10.0	 +5.0000	 -0.0000	      +inf
1779638087.899	 +100.0	 +10.0	 +5.0000	 -0.0000	      +inf
1779638087.999	 +100.0	 +10.0	 +5.0000	 -0.0000	      +inf
1779638088.099	 +100.0	 +10.0	 +5.0000	 -0.0000	      +inf
1779638088.199	 +100.0	 +10.0	 +5.0000	 -0.0000	      +inf
1779638088.299	 +100.0	 +10.0	 +5.0000	 -0.0000	      +inf
1779638088.399	 +100.0	 +10.0	 +5.0000	 -0.0000	      +inf
1779638088.499	 +100.0	 +10.0	 +5.0000	 -0.0000	      +inf
1779638088.599	 +100.0	 +10.0	 +5.0000	 -0.0000	      +inf
1779638088.699	 +100.0	 +10.0	 +5.0000	 -0.0000	      +inf
1779638088.799	 +100.0	 +10.0	 +5.0000	 -0.0000	      +inf
1779638088.899	 +100.0	 +10.0	 +5.0000	 -0.0000	      +inf
1779638088.999	 +100.0	 +10.0	 +5.0000	 -0.0000	      +inf
1779638089.099	 +100.0	 +10.0	 +5.0000	 -0.0000	      +inf
1779638089.199	 +100.0	 +10.0	 +5.0000	 -0.0000	      +inf
1779638089.299	 +100.0	 +10.0	 +5.0000	 -0.0000	      +inf
1779638089.399	 +100.0	 +10.0	 +5.0000	 -0.0000	      +inf
1779638089.499	 +100.0	 +10.0	 +5.0000	 -0.0000	      +inf
1779638089.599	 +100.0	 +10.0	 +5.0000	 -0.0000	      +inf
1779638089.699	 +100.0	 +10.0	 +5.0000	 -0.0000	      +inf
1779638089.799	 +100.0	 +10.0	 +5.0000	 -0.0000	      +inf
1779638089.899	 +100.0	 +10.0	 +5.0000	 -0.0000	      +inf
1779638089.999	 +100.0	 +10.0	 +5.0000	 -0.0000	      +inf
1779638090.099	 +100.0	 +10.0	 +5.0000	 -0.0000	      +inf
1779638090.199	 +100.0	 +10.0	 +5.0000	 -0.0000	      +inf
1779638090.299	 +100.0	 +10.0	 +5.0000	 -0.0000	      +inf
1779638090.399	 +100.0	 +10.0	 +5.0000	 -0.0000	      +inf
1779638090.499	 +100.0	 +10.0	 +5.0000	 -0.0000	      +inf
1779638090.599	 +100.0	 +10.0	 +5.0000	 -0.0000	      +inf
1779638090.699	 +100.0	 +10.0	 +5.0000	 -0.0000	      +inf
1779638090.799	 +100.0	 +10.0	 +5.0000	 -0.0000	      +inf
1779638090.899	 +100.0	 +10.0	 +5.0000	 -0.0000	      +inf
1779638090.999	 +100.0	 +10.0	 +5.0000	 -0.0000	      +inf
1779638091.099	 +100.0	 +10.0	 +5.0000	 -0.0000	      +inf
1779638091.199	 +100.0	 +10.0	 +5.0000	 -0.0000	      +inf
1779638091.299	 +100.0	 +10.0	 +5.0000	 -0.0000	      +inf
1779638091.399	 +100.0	 +10.0	 +5.0000	 -0.0000	      +inf
1779638091.499	 +100.0	 +10.0	 +5.0000	 -0.0000	      +inf
1779638091.599	 +100.0	 +10.0	 +5.0000	 -0.0000	      +inf
1779638091.699	 +100.0	 +10.0	 +5.0000	 -0.0000	      +inf
1779638091.799	 +100.0	 +10.0	 +5.0000	 -0.0000	      +inf
1779638091.899	 +100.0	 +10.0	 +5.0000	 -0.0000	      +inf
1779638091.999	 +100.0	 +10.0	 +5.0000	 -0.0000	      +inf
1779638092.099	 +100.0	 +10.0	 +5.0000	 -0.0000	      +inf
1779638092.199	 +100.0	 +10.0	 +5.0000	 -0.0000	      +inf
1779638092.299	 +100.0	 +10.0	 +5.0000	 -0.0000	      +inf
1779638092.399	 +100.0	 +10.0	 +5.0000	 -0.0000	      +inf
1779638096.061	 +100.0	 +10.0	 +5.0000	 -0.0000	      +inf
1779638096.099	 +100.0	 +10.0	 +5.0000	 -0.0000	      +inf
1779638096.199	 +100.0	 +10.0	 +5.0000	 -0.0000	      +inf
1779638096.299	 +100.0	 +10.0	 +5.0000	 -0.0000	      +inf
1779638096.399	 +100.0	 +10.0	 +5.0000	 -0.0000	      +inf
1779638096.499	 +100.0	 +10.0	 +5.0000	 -0.0000	      +inf
1779638096.599	 +100.0	 +10.0	 +5.0000	 -0.0000	      +inf
1779638096.699	 +100.0	 +10.0	 +5.0000	 -0.0000	      +inf
1779638096.799	 +100.0	 +10.0	 +5.0000	 -0.0000	      +inf
1779638096.899	 +100.0	 +10.0	 +5.0000	 -0.0000	      +inf
1779638096.999	 +100.0	 +10.0	 +5.0000	 -0.0000	      +inf
1779638097.099	 +100.0	 +10.0	 +5.0000	 -0.0000	      +inf
1779638097.199	 +100.0	 +10.0	 +5.0000	 -0.0000	      +inf
1779638097.299	 +100.0	 +10.0	 +5.0000	 -0.0000	      +inf
1779638097.399	 +100.0	 +10.0	 +5.0000	 -0.0000	      +inf
1779638097.499	 +100.0	 +10.0	 +5.0000	 -0.0000	      +inf
1779638097.599	 +100.0	 +10.0	 +5.0000	 -0.0000	      +inf
1779638097.699	 +100.0	 +10.0	 +5.0000	 -0.0000	      +inf
1779638097.799	 +100.0	 +10.0	 +5.0000	 -0.0000	      +inf
1779638097.899	 +100.0	 +10.0	 +5.0000	 -0.0000	      +inf
1779638097.999	 +100.0	 +10.0	 +5.0000	 -0.0000	      +inf
1779638098.099	 +100.0	 +10.0	 +5.0000	 -0.0000	      +inf
1779638098.199	 +100.0	 +10.0	 +5.0000	 -0.0000	      +inf
1779638098.299	 +100.0	 +10.0	 +5.0000	 -0.0000	      +inf
1779638098.399	  +80.0	 +10.0	 +5.0000	 -0.0000	      +inf
1779638098.499	  +80.0	 +10.0	 +5.0000	 -0.4725	   -10.581
1779638098.599	  +80.0	 +10.0	 +5.0000	 -0.5600	    -8.929
1779638098.699	  +80.0	 +10.0	 +5.0000	 -1.2973	    -3.854
1779638098.799	  +80.0	 +10.0	 +5.0000	 -1.6887	    -2.961
1779638098.899	  +80.0	 +10.0	 +5.0000	 -2.0748	    -2.410
1779638098.999	  +80.0	 +10.0	 +5.0000	 -2.6814	    -1.865
1779638099.099	  +80.0	 +10.0	 +5.0000	 -2.9034	    -1.722
1779638099.199	  +80.0	 +10.0	 +5.0000	 -3.2632	    -1.532
1779638099.299	  +80.0	 +10.0	 +5.0000	 -3.6065	    -1.386
1779638099.399	  +80.0	 +10.0	 +5.0000	 -3.9290	    -1.273
1779638099.499	  +80.0	 +10.0	 +5.0000	 -4.2837	    -1.167
1779638099.599	  +80.0	 +10.0	 +5.0000	 -4.6959	    -1.065
1779638099.699	  +80.0	 +10.0	 +5.0000	 -4.9172	    -1.017
1779638099.799	  +80.0	 +10.0	 +5.0000	 -5.1469	    -0.971
1779638099.899	  +80.0	 +10.0	 +5.0000	 -5.3102	    -0.942
1779638099.999	  +80.0	 +10.0	 +5.0000	 -5.5002	    -0.909
1779638100.099	  +80.0	 +10.0	 +5.0000	 -5.5693	    -0.898
1779638100.199	  +80.0	 +10.0	 +5.0000	 -5.6879	    -0.879
1779638100.299	  +80.0	 +10.0	 +5.0000	 -5.7839	    -0.864
1779638100.399	  +80.0	 +10.0	 +5.0000	 -5.8373	    -0.857
1779638100.499	  +80.0	 +10.0	 +5.0000	 -5.9135	    -0.846
1779638100.599	  +80.0	 +10.0	 +5.0000	 -5.9646	    -0.838
1779638100.699	  +80.0	 +10.0	 +5.0000	 -6.0051	    -0.833
1779638100.799	  +80.0	 +10.0	 +5.0000	 -6.0324	    -0.829
1779638100.899	  +80.0	 +10.0	 +5.0000	 -6.0548	    -0.826
1779638100.999	  +80.0	 +10.0	 +5.0000	 -6.0795	    -0.822
1779638101.099	  +80.0	 +10.0	 +5.0000	 -6.0934	    -0.821
1779638101.199	  +80.0	 +10.0	 +5.0000	 -6.1067	    -0.819
1779638101.299	  +80.0	 +10.0	 +5.0000	 -6.1157	    -0.818
1779638101.399	  +80.0	 +10.0	 +5.0000	 -6.1202	    -0.817
1779638101.499	  +80.0	 +10.0	 +5.0000	 -6.1278	    -0.816
1779638101.599	  +80.0	 +10.0	 +5.0000	 -6.1338	    -0.815
1779638101.699	  +80.0	 +10.0	 +5.0000	 -6.1392	    -0.814
1779638101.799	  +80.0	 +10.0	 +5.0000	 -6.1432	    -0.814
1779638101.899	  +80.0	 +10.0	 +5.0000	 -6.1450	    -0.814
1779638101.999	  +80.0	 +10.0	 +5.0000	 -6.1469	    -0.813
1779638102.099	  +80.0	 +10.0	 +5.0000	 -6.1488	    -0.813
1779638102.199	  +80.0	 +10.0	 +5.0000	 -6.1500	    -0.813
1779638102.299	  +80.0	 +10.0	 +5.0000	 -6.1510	    -0.813
1779638102.399	  +80.0	 +10.0	 +5.0000	 -6.1518	    -0.813
1779638102.499	  +80.0	 +10.0	 +5.0000	 -6.1526	    -0.813
1779638102.599	  +80.0	 +10.0	 +5.0000	 -6.1531	    -0.813
1779638102.699	  +80.0	 +10.0	 +5.0000	 -6.1538	    -0.813
1779638102.799	  +80.0	 +10.0	 +5.0000	 -6.1541	    -0.812
1779638102.899	  +80.0	 +10.0	 +5.0000	 -6.1543	    -0.812
1779638102.999	  +80.0	 +10.0	 +5.0000	 -6.1545	    -0.812
1779638103.099	  +80.0	 +10.0	 +5.0000	 -6.1547	    -0.812
1779638103.199	  +75.0	 +10.0	 +5.0000	 -6.1548	    -0.812
1779638103.299	  +75.0	 +10.0	 +5.0000	 -6.7131	    -0.745
1779638103.399	  +75.0	 +11.0	 +5.0000	 -8.3133	    -0.601
1779638103.499	  +75.0	 +11.0	 +5.0500	-10.3634	    -0.487
1779638103.599	  +75.0	 +11.0	 +5.2848	-14.5113	    -0.364
1779638103.699	  +75.0	 +11.0	 +5.3729	-18.1366	    -0.296
1779638103.799	  +80.0	 +11.0	 +5.4392	-24.4829	    -0.222
1779638103.899	  +80.0	 +11.0	 +5.4601	-21.7873	    -0.251
1779638103.999	  +80.0	 +11.0	 +5.4809	-14.2020	    -0.386
1779638104.099	  +80.0	 +11.0	 +5.4887	-11.8706	    -0.462
1779638104.199	  +80.0	 +11.0	 +5.4933	-10.4568	    -0.525
1779638104.299	 +100.0	 +11.0	 +5.4968	 -9.2353	    -0.595
1779638104.399	 +100.0	 +11.0	 +5.4979	 -6.1317	    -0.897
1779638104.499	  +60.0	 +11.0	 +5.4988	 -3.4255	    -1.605
1779638104.599	  +60.0	 +11.0	 +5.4994	 -3.7573	    -1.464
1779638104.699	  +60.0	 +11.0	 +5.4997	-13.3136	    -0.413
1779638104.799	  +60.0	 +11.0	 +5.4998	-60.6654	    -0.091
1779638104.899	  +60.0	 +11.0	 +5.4999	+10.4747	    +0.525
1779638104.999	  +60.0	 +11.0	 +5.4999	 +6.1642	    +0.892
1779638105.099	  +60.0	 +11.0	 +5.5000	 +4.2982	    +1.280
1779638105.199	  +60.0	 +11.0	 +5.5000	 +3.5111	    +1.566
1779638105.299	  +60.0	 +11.0	 +5.5000	 +3.0148	    +1.824
1779638105.399	  +60.0	 +11.0	 +5.5000	 +2.6763	    +2.055
1779638105.499	  +60.0	 +11.0	 +5.5000	 +2.2859	    +2.406
1779638105.599	  +60.0	 +11.0	 +5.5000	 +2.1418	    +2.568
1779638105.699	  +60.0	 +11.0	 +5.5000	 +2.0720	    +2.654
1779638105.799	  +60.0	 +11.0	 +5.5000	 +1.9939	    +2.758
1779638105.899	  +60.0	 +11.0	 +5.5000	 +1.8889	    +2.912
1779638105.999	  +60.0	 +11.0	 +5.5000	 +1.8131	    +3.033
1779638106.099	  +60.0	 +11.0	 +5.5000	 +1.7719	    +3.104
1779638106.199	  +60.0	 +11.0	 +5.5000	 +1.7389	    +3.163
1779638106.299	  +60.0	 +11.0	 +5.5000	 +1.7123	    +3.212
1779638106.399	  +60.0	 +11.0	 +5.5000	 +1.6870	    +3.260
1779638106.499	  +60.0	 +11.0	 +5.5000	 +1.6620	    +3.309
1779638106.599	  +60.0	 +11.0	 +5.5000	 +1.6501	    +3.333
1779638106.699	  +60.0	 +11.0	 +5.5000	 +1.6405	    +3.353
1779638106.799	  +60.0	 +11.0	 +5.5000	 +1.6313	    +3.372
1779638106.899	  +60.0	 +11.0	 +5.5000	 +1.6252	    +3.384
1779638106.999	  +60.0	 +11.0	 +5.5000	 +1.6193	    +3.396
1779638107.099	  +60.0	 +11.0	 +5.5000	 +1.6148	    +3.406
1779638107.199	  +60.0	 +11.0	 +5.5000	 +1.6123	    +3.411
1779638107.299	  +60.0	 +11.0	 +5.5000	 +1.6097	    +3.417
1779638107.399	  +60.0	 +11.0	 +5.5000	 +1.6076	    +3.421
1779638107.499	  +60.0	 +11.0	 +5.5000	 +1.6059	    +3.425
1779638107.599	  +60.0	 +11.0	 +5.5000	 +1.6045	    +3.428
1779638107.699	  +60.0	 +11.0	 +5.5000	 +1.6026	    +3.432
1779638107.799	  +60.0	 +11.0	 +5.5000	 +1.6019	    +3.434
1779638107.899	  +60.0	 +11.0	 +5.5000	 +1.6013	    +3.435
1779638107.999	  +60.0	 +11.0	 +5.5000	 +1.6006	    +3.436
1779638108.099	  +60.0	 +11.0	 +5.5000	 +1.6001	    +3.437
1779638108.199	  +60.0	 +10.0	 +5.5000	 +1.5999	    +3.438
1779638108.299	  +60.0	 +10.0	 +5.3200	 +1.5472	    +3.438
1779638108.399	  +65.0	 +10.0	 +5.1049	 +1.4844	    +3.439
1779638108.499	  +65.0	 +10.0	 +5.0344	 +1.5028	    +3.350
1779638108.599	  +70.0	 +10.0	 +5.0046	 +1.8051	    +2.772
1779638108.699	  +70.0	 +10.0	 +5.0015	 +2.1425	    +2.334
1779638108.799	  +70.0	 +10.0	 +5.0010	 +2.2951	    +2.179
1779638108.899	  +70.0	 +10.0	 +5.0002	 +2.8942	    +1.728
1779638108.999	  +70.0	 +10.0	 +5.0000	 +3.3246	    +1.504
1779638109.099	  +65.0	 +10.0	 +5.0000	 +3.6646	    +1.364
1779638109.199	  +65.0	 +11.0	 +5.0000	 +3.7498	    +1.333
1779638109.299	  +65.0	 +11.0	 +5.0950	 +3.5967	    +1.417
1779638109.399	  +65.0	 +11.0	 +5.2848	 +3.5263	    +1.499
1779638109.499	  +65.0	 +11.0	 +5.3729	 +3.4561	    +1.555
1779638109.599	  +65.0	 +12.0	 +5.4166	 +3.4014	    +1.592
1779638109.699	  +65.0	 +16.0	 +5.4508	 +3.3390	    +1.632
1779638109.799	  +65.0	 +19.0	 +6.4963	 +3.8379	    +1.693
1779638109.899	  +65.0	 +20.0	 +7.5186	 +4.3838	    +1.715
1779638109.999	  +65.0	 +20.0	 +8.6189	 +4.9626	    +1.737
1779638110.099	  +65.0	 +20.0	 +9.1845	 +5.2444	    +1.751
1779638110.199	  +65.0	 +20.0	 +9.5185	 +5.3985	    +1.763
1779638110.300	  +65.0	 +20.0	 +9.7441	 +5.4907	    +1.775
1779638110.399	  +65.0	 +20.0	 +9.8134	 +5.5150	    +1.779
1779638110.499	  +65.0	 +20.0	 +9.9277	 +5.5440	    +1.791
1779638110.599	  +65.0	 +20.0	 +9.9473	 +5.5458	    +1.794
1779638110.699	  +65.0	 +20.0	 +9.9654	 +5.5454	    +1.797
1779638110.799	  +65.0	 +20.0	 +9.9851	 +5.5398	    +1.802
1779638110.899	  +65.0	 +20.0	 +9.9912	 +5.5353	    +1.805
1779638110.999	  +65.0	 +20.0	 +9.9958	 +5.5292	    +1.808
1779638111.099	  +40.0	 +20.0	 +9.9975	 +5.5254	    +1.809
1779638111.199	  +40.0	 +20.0	 +9.9985	 +4.2933	    +2.329
1779638111.299	  +40.0	 +20.0	 +9.9992	 +2.2163	    +4.512
1779638111.399	  +40.0	 +20.0	 +9.9995	 +1.2223	    +8.181
1779638111.499	  +40.0	 +20.0	 +9.9997	 +0.5059	   +19.765
1779638111.599	  +40.0	 +20.0	 +9.9998	 -0.0537	  -186.311
1779638111.699	  +40.0	 +20.0	 +9.9999	 -0.6712	   -14.899
1779638111.799	  +40.0	 +20.0	+10.0000	 -1.0925	    -9.153
1779638111.899	  +40.0	 +20.0	+10.0000	 -1.4384	    -6.952
1779638111.999	  +40.0	 +20.0	+10.0000	 -1.7229	    -5.804
1779638112.099	  +40.0	 +20.0	+10.0000	 -1.9205	    -5.207
1779638112.199	  +40.0	 +20.0	+10.0000	 -2.0875	    -4.791
1779638112.299	  +40.0	 +20.0	+10.0000	 -2.2279	    -4.488
1779638112.399	  +40.0	 +20.0	+10.0000	 -2.3456	    -4.263
1779638112.499	  +40.0	 +20.0	+10.0000	 -2.4439	    -4.092
1779638112.599	  +40.0	 +20.0	+10.0000	 -2.5809	    -3.875
1779638112.699	  +40.0	 +20.0	+10.0000	 -2.6391	    -3.789
1779638112.799	  +40.0	 +20.0	+10.0000	 -2.6957	    -3.710
1779638112.899	  +40.0	 +20.0	+10.0000	 -2.7338	    -3.658
1779638112.999	  +40.0	 +20.0	+10.0000	 -2.7651	    -3.616
1779638113.099	  +40.0	 +20.0	+10.0000	 -2.7908	    -3.583
1779638113.199	  +40.0	 +20.0	+10.0000	 -2.8119	    -3.556
1779638113.299	  +40.0	 +20.0	+10.0000	 -2.8291	    -3.535
1779638113.399	  +40.0	 +20.0	+10.0000	 -2.8457	    -3.514
1779638113.499	  +40.0	 +20.0	+10.0000	 -2.8588	    -3.498
1779638113.599	  +40.0	 +20.0	+10.0000	 -2.8705	    -3.484
1779638113.699	  +40.0	 +20.0	+10.0000	 -2.8771	    -3.476
1779638113.799	  +40.0	 +20.0	+10.0000	 -2.8834	    -3.468
1779638113.899	  +40.0	 +20.0	+10.0000	 -2.8860	    -3.465
1779638113.999	  +40.0	 +20.0	+10.0000	 -2.8910	    -3.459
1779638114.099	  +40.0	 +20.0	+10.0000	 -2.8943	    -3.455
1779638114.199	  +40.0	 +20.0	+10.0000	 -2.8965	    -3.452
1779638114.299	  +40.0	 +20.0	+10.0000	 -2.8983	    -3.450
1779638114.399	  +40.0	 +20.0	+10.0000	 -2.9002	    -3.448
1779638114.499	  +40.0	 +20.0	+10.0000	 -2.9009	    -3.447
1779638114.599	  +40.0	 +20.0	+10.0000	 -2.9025	    -3.445
1779638114.699	  +40.0	 +20.0	+10.0000	 -2.9032	    -3.444
1779638114.799	  +40.0	 +20.0	+10.0000	 -2.9037	    -3.444
1779638114.899	  +40.0	 +20.0	+10.0000	 -2.9042	    -3.443
1779638114.999	  +40.0	 +20.0	+10.0000	 -2.9046	    -3.443
1779638115.099	  +40.0	 +20.0	+10.0000	 -2.9049	    -3.442
1779638115.199	  +40.0	 +20.0	+10.0000	 -2.9052	    -3.442
1779638115.299	  +40.0	 +20.0	+10.0000	 -2.9054	    -3.442
1779638115.399	  +40.0	 +20.0	+10.0000	 -2.9055	    -3.442
1779638115.499	  +40.0	 +20.0	+10.0000	 -2.9056	    -3.442
1779638115.599	  +40.0	 +20.0	+10.0000	 -2.9058	    -3.441
1779638115.699	  +40.0	 +20.0	+10.0000	 -2.9059	    -3.441
1779638115.799	  +40.0	 +20.0	+10.0000	 -2.9059	    -3.441
1779638115.899	  +40.0	 +20.0	+10.0000	 -2.9060	    -3.441
1779638115.999	  +40.0	 +20.0	+10.0000	 -2.9060	    -3.441
1779638116.099	  +40.0	 +20.0	+10.0000	 -2.9060	    -3.441
1779638116.199	  +40.0	 +20.0	+10.0000	 -2.9061	    -3.441
1779638116.299	  +40.0	 +20.0	+10.0000	 -2.9061	    -3.441
1779638116.399	  +40.0	 +20.0	+10.0000	 -2.9061	    -3.441
1779638116.499	  +40.0	 +20.0	+10.0000	 -2.9061	    -3.441
1779638116.599	  +40.0	 +20.0	+10.0000	 -2.9061	    -3.441
1779638116.699	  +20.0	 +20.0	+10.0000	 -2.9061	    -3.441
1779638116.799	  +20.0	 +20.0	+10.0000	 -2.9061	    -3.441
1779638116.899	  +20.0	 +20.0	+10.0000	 -5.9436	    -1.682
1779638116.999	  +20.0	 +20.0	+10.0000	 -8.1595	    -1.226
1779638117.099	  +20.0	 +20.0	+10.0000	-16.2553	    -0.615
1779638117.199	  +20.0	 +20.0	+10.0000	-33.0024	    -0.303
1779638117.299	  +20.0	 +20.0	+10.0000	-99.0940	    -0.101
1779638117.399	  +20.0	 +20.0	+10.0000	+306.1845	    +0.033
1779638117.499	  +20.0	 +20.0	+10.0000	+45.3882	    +0.220
1779638117.599	  +20.0	 +20.0	+10.0000	+30.6733	    +0.326
1779638117.699	  +20.0	 +20.0	+10.0000	+22.5537	    +0.443
1779638117.799	  +20.0	 +20.0	+10.0000	+19.6193	    +0.510
1779638117.899	  +20.0	 +20.0	+10.0000	+17.7216	    +0.564
1779638117.999	  +20.0	 +20.0	+10.0000	+16.2039	    +0.617
1779638118.099	  +20.0	 +20.0	+10.0000	+15.1775	    +0.659
1779638118.199	  +20.0	 +20.0	+10.0000	+14.4555	    +0.692
1779638118.299	  +20.0	 +20.0	+10.0000	+14.1741	    +0.706
1779638118.400	  +20.0	 +20.0	+10.0000	+13.7924	    +0.725
1779638118.499	  +20.0	 +20.0	+10.0000	+13.3946	    +0.747
1779638118.599	  +20.0	 +20.0	+10.0000	+13.2203	    +0.756
1779638118.699	  +20.0	 +20.0	+10.0000	+13.0433	    +0.767
1779638118.799	  +20.0	 +20.0	+10.0000	+12.9022	    +0.775
1779638118.899	  +20.0	 +20.0	+10.0000	+12.7149	    +0.786
1779638118.999	  +20.0	 +20.0	+10.0000	+12.6385	    +0.791
1779638119.099	  +20.0	 +20.0	+10.0000	+12.5768	    +0.795
1779638119.199	  +20.0	 +20.0	+10.0000	+12.5097	    +0.799
1779638119.299	  +20.0	 +20.0	+10.0000	+12.4793	    +0.801
1779638119.399	  +20.0	 +20.0	+10.0000	+12.4479	    +0.803
1779638119.499	  +20.0	 +20.0	+10.0000	+12.4224	    +0.805
1779638119.599	  +20.0	 +20.0	+10.0000	+12.4016	    +0.806
1779638119.699	  +20.0	 +20.0	+10.0000	+12.3735	    +0.808
1779638119.799	  +20.0	 +20.0	+10.0000	+12.3640	    +0.809
1779638119.899	  +20.0	 +20.0	+10.0000	+12.3507	    +0.810
1779638119.999	  +20.0	 +20.0	+10.0000	+12.3433	    +0.810
1779638120.099	  +20.0	 +20.0	+10.0000	+12.3373	    +0.811
1779638120.199	  +20.0	 +20.0	+10.0000	+12.3324	    +0.811
1779638120.299	  +20.0	 +20.0	+10.0000	+12.3284	    +0.811
1779638120.399	  +20.0	 +20.0	+10.0000	+12.3240	    +0.811
1779638120.499	  +20.0	 +20.0	+10.0000	+12.3220	    +0.812
1779638120.599	  +20.0	 +20.0	+10.0000	+12.3199	    +0.812
1779638120.699	  +20.0	 +20.0	+10.0000	+12.3174	    +0.812
1779638120.799	  +20.0	 +20.0	+10.0000	+12.3159	    +0.812
1779638120.899	  +20.0	 +20.0	+10.0000	+12.3150	    +0.812
1779638120.999	  +20.0	 +20.0	+10.0000	+12.3142	    +0.812
1779638121.099	  +20.0	 +20.0	+10.0000	+12.3133	    +0.812
1779638121.199	  +20.0	 +20.0	+10.0000	+12.3128	    +0.812
1779638121.299	  +20.0	 +20.0	+10.0000	+12.3125	    +0.812
1779638121.399	  +20.0	 +20.0	+10.0000	+12.3122	    +0.812
1779638121.499	  +20.0	 +20.0	+10.0000	+12.3119	    +0.812
1779638121.599	  +20.0	 +20.0	+10.0000	+12.3116	    +0.812
1779638121.699	  +20.0	 +20.0	+10.0000	+12.3115	    +0.812
1779638121.799	  +20.0	 +20.0	+10.0000	+12.3113	    +0.812
1779638121.899	  +20.0	 +20.0	+10.0000	+12.3112	    +0.812
1779638121.999	  +20.0	 +20.0	+10.0000	+12.3111	    +0.812
1779638122.099	  +20.0	 +20.0	+10.0000	+12.3110	    +0.812
1779638122.199	  +20.0	 +20.0	+10.0000	+12.3110	    +0.812
1779638122.299	  +20.0	 +20.0	+10.0000	+12.3109	    +0.812
1779638122.399	  +20.0	 +20.0	+10.0000	+12.3109	    +0.812
1779638122.499	  +20.0	 +20.0	+10.0000	+12.3109	    +0.812
1779638122.599	  +20.0	 +20.0	+10.0000	+12.3108	    +0.812
1779638122.699	  +20.0	 +20.0	+10.0000	+12.3108	    +0.812
1779638122.799	  +20.0	 +20.0	+10.0000	+12.3108	    +0.812
1779638122.899	  +20.0	 +20.0	+10.0000	+12.3108	    +0.812
1779638122.999	  +20.0	 +20.0	+10.0000	+12.3108	    +0.812
1779638123.099	  +20.0	 +20.0	+10.0000	+12.3108	    +0.812
1779638123.199	  +20.0	 +20.0	+10.0000	+12.3108	    +0.812
1779638123.299	  +20.0	 +20.0	+10.0000	+12.3108	    +0.812
1779638123.399	  +20.0	 +20.0	+10.0000	+12.3108	    +0.812
1779638123.499	  +20.0	 +20.0	+10.0000	+12.3108	    +0.812
1779638123.599	  +20.0	 +20.0	+10.0000	+12.3108	    +0.812
1779638123.699	  +20.0	 +20.0	+10.0000	+12.3108	    +0.812
1779638123.799	  +20.0	 +20.0	+10.0000	+12.3108	    +0.812
1779638123.899	  +20.0	 +20.0	+10.0000	+12.3108	    +0.812
1779638123.999	  +20.0	 +20.0	+10.0000	+12.3108	    +0.812
1779638124.099	  +20.0	 +20.0	+10.0000	+12.3108	    +0.812
1779638124.199	  +20.0	 +20.0	+10.0000	+12.3108	    +0.812
1779638124.299	  +20.0	 +20.0	+10.0000	+12.3108	    +0.812
1779638124.399	  +20.0	 +20.0	+10.0000	+12.3108	    +0.812
1779638124.499	  +20.0	 +20.0	+10.0000	+12.3108	    +0.812
1779638124.599	  +20.0	 +20.0	+10.0000	+12.3108	    +0.812
1779638124.699	  +20.0	 +20.0	+10.0000	+12.3108	    +0.812
1779638124.799	  +20.0	 +20.0	+10.0000	+12.3108	    +0.812
1779638124.899	  +20.0	 +20.0	+10.0000	+12.3108	    +0.812
1779638124.999	  +20.0	 +20.0	+10.0000	+12.3108	    +0.812
1779638125.099	  +20.0	 +20.0	+10.0000	+12.3108	    +0.812
1779638125.199	  +20.0	 +20.0	+10.0000	+12.3108	    +0.812
1779638125.299	  +20.0	 +20.0	+10.0000	+12.3108	    +0.812
1779638125.399	  +20.0	 +20.0	+10.0000	+12.3108	    +0.812
1779638125.499	  +20.0	 +20.0	+10.0000	+12.3108	    +0.812
1779638125.599	  +20.0	 +20.0	+10.0000	+12.3108	    +0.812
1779638125.699	  +20.0	 +20.0	+10.0000	+12.3108	    +0.812
1779638125.799	  +20.0	 +20.0	+10.0000	+12.3108	    +0.812
1779638125.899	  +20.0	 +20.0	+10.0000	+12.3108	    +0.812
1779638125.999	  +20.0	 +20.0	+10.0000	+12.3108	    +0.812
1779638126.099	  +20.0	 +20.0	+10.0000	+12.3108	    +0.812
1779638126.199	  +20.0	 +20.0	+10.0000	+12.3108	    +0.812
1779638126.299	  +20.0	 +20.0	+10.0000	+12.3108	    +0.812
