# time	cmd_angle	cmd_speed	odom_v	odom_w	R_odom	imu_yaw_rate	R_imu	imu_ax	imu_ay
1779639157.268	   +0.0	  +0.0	 +0.0000	 -0.0000	      +inf	 -0.0025	    -0.000	 -0.0033	 +0.0075
1779639157.368	   +0.0	  +0.0	 +0.0000	 -0.0000	      +inf	 +0.0000	      +inf	 +0.0024	 +0.0042
1779639157.469	   +0.0	  +0.0	 +0.0000	 -0.0000	      +inf	 -0.0006	      +inf	 +0.0031	 +0.0007
1779639157.569	   +0.0	  +0.0	 +0.0000	 -0.0000	      +inf	 -0.0027	    -0.000	 -0.0057	 -0.0047
1779639157.669	   +0.0	  +0.0	 +0.0000	 -0.0000	      +inf	 -0.0040	    -0.000	 +0.0002	 -0.0001
1779639157.768	   +0.0	  +0.0	 +0.0000	 -0.0000	      +inf	 -0.0036	    -0.000	 -0.0060	 +0.0017
1779639157.868	   +0.0	  +0.0	 +0.0000	 -0.0000	      +inf	 -0.0015	    -0.000	 +0.0044	 +0.0078
1779639157.969	   +0.0	  +0.0	 +0.0000	 -0.0000	      +inf	 -0.0028	    -0.000	 +0.0026	 +0.0025
1779639158.069	   +0.0	  +0.0	 +0.0000	 -0.0000	      +inf	 +0.0025	    +0.000	 -0.0032	 +0.0069
1779639158.169	   +0.0	  +0.0	 +0.0000	 -0.0000	      +inf	 +0.0014	    +0.000	 -0.0068	 -0.0104
1779639158.269	   +0.0	  +0.0	 +0.0000	 -0.0000	      +inf	 -0.0008	      +inf	 +0.0081	 -0.0047
1779639158.369	   +0.0	  +0.0	 +0.0000	 -0.0000	      +inf	 -0.0010	    -0.000	 -0.0044	 +0.0025
1779639158.468	   +0.0	  +0.0	 +2.6085	-115.0104	    -0.023	 +0.0016	 +1590.479	+13.2868	 +0.1410
1779639158.569	   +0.0	  +0.0	 +3.5879	 +1.2290	    +2.919	 +0.0010	      +inf	 +7.8413	 +0.5322
1779639158.669	   +0.0	  +0.0	 +4.1661	 -0.0044	  -957.569	 -0.0026	 -1588.890	 +4.6362	 +1.0063
1779639158.768	   +0.0	  +0.0	 +4.5076	 -1.1869	    -3.798	 -0.0041	 -1090.343	 +2.4580	 +1.5503
1779639158.868	   +0.0	  +0.0	 +4.7093	 -3.3199	    -1.418	 +0.0042	 +1115.912	 +1.4484	 +1.8642
1779639158.969	   +0.0	  +0.0	 +4.8455	-30.8520	    -0.157	 +0.0045	 +1086.022	 +0.7826	 +2.2014
1779639159.069	   +0.0	  +0.0	 +4.9088	 +8.0635	    +0.609	 -0.0033	 -1503.897	 +0.4615	 +2.4648
1779639159.169	   +0.0	  +0.0	 +4.9461	 +3.7564	    +1.317	 +0.0038	 +1303.424	 +0.2951	 +2.5880
1779639159.269	   +0.0	  +0.0	 +4.9714	 +2.2641	    +2.196	 -0.0031	 -1583.070	 +0.1849	 +2.7474
1779639159.369	   +0.0	  +0.0	 +4.9831	 +1.6557	    +3.010	 +0.0036	 +1396.492	 +0.1137	 +2.8259
1779639159.469	   +0.0	  +0.0	 +4.9877	 +1.4041	    +3.552	 -0.0027	 -1878.932	 +0.0880	 +2.9321
1779639159.568	   +0.0	  +0.0	 +4.9961	 +0.8248	    +6.058	 +0.0033	 +1494.463	 +0.0378	 +3.0044
1779639159.668	   +0.0	  +0.0	 +4.9961	 +0.8248	    +6.058	 +0.0043	 +1169.630	 +0.0479	 +3.0114
1779639159.769	   +0.0	  +0.0	 +4.9983	 +0.5800	    +8.618	 +0.0042	 +1189.726	 +0.0276	 +3.0715
1779639159.869	   +0.0	  +0.0	 +4.9992	 +0.4308	   +11.605	 +0.0031	 +1587.372	 +0.0246	 +3.1227
1779639159.969	   +0.0	  +0.0	 +4.9996	 +0.3352	   +14.914	 -0.0036	 -1393.243	 +0.0349	 +3.1694
1779639160.069	   +0.0	  +0.0	 +4.9998	 +0.2725	   +18.348	 -0.0035	 -1408.936	 +0.0334	 +3.1884
1779639160.169	   +0.0	  +0.0	 +4.9999	 +0.2217	   +22.550	 +0.0041	 +1210.287	 +0.0347	 +3.1660
1779639160.269	   +0.0	  +0.0	 +4.9999	 +0.1805	   +27.693	 -0.0027	 -1874.973	 +0.0310	 +3.2178
1779639160.369	   +0.0	  +0.0	 +4.9999	 +0.1471	   +33.995	 +0.0037	 +1345.339	 +0.0279	 +3.1963
1779639160.469	   +0.0	  +0.0	 +5.0000	 +0.1150	   +43.460	 +0.0035	 +1425.391	 +0.0325	 +3.2011
1779639160.569	   +0.0	  +0.0	 +5.0000	 +0.0864	   +57.863	 -0.0029	 -1741.874	 +0.0271	 +3.2295
1779639160.668	   +0.0	  +0.0	 +5.0000	 +0.0796	   +62.792	 -0.0042	 -1191.593	 +0.0344	 +3.2480
1779639160.768	   +0.0	  +0.0	 +5.0000	 +0.0529	   +94.477	 -0.0042	 -1190.747	 +0.0309	 +3.2504
1779639160.869	   +0.0	  +0.0	 +5.0000	 +0.0449	  +111.242	 -0.0043	 -1170.373	 +0.0206	 +3.2472
1779639160.968	   +0.0	  +0.0	 +5.0000	 +0.0366	  +136.438	 -0.0021	 -2402.332	 +0.0256	 +3.2543
1779639161.069	   +0.0	  +0.0	 +5.0000	 +0.0264	  +189.142	 -0.0016	 -3207.480	 +0.0591	 +3.2382
1779639161.169	   +0.0	  +0.0	 +5.0000	 +0.0216	  +231.981	 +0.0047	 +1062.735	 +0.0762	 +3.1915
1779639161.269	   +0.0	  +0.0	 +5.0000	 +0.0191	  +262.206	 -0.0012	 -4184.376	 +0.0731	 +3.2143
1779639161.369	   +0.0	  +0.0	 +5.0000	 +0.0138	  +363.436	 -0.0004	      +inf	 +0.0599	 +3.2030
1779639161.469	   +0.0	  +0.0	 +5.0000	 +0.0122	  +410.826	 -0.0016	 -3194.401	 +0.0469	 +3.1972
1779639161.568	   +0.0	  +0.0	 +5.0000	 +0.0099	  +503.798	 -0.0018	 -2714.530	 +0.0266	 +3.1922
1779639161.669	   +0.0	  +0.0	 +5.0000	 +0.0078	  +643.640	 -0.0038	 -1313.605	 -0.0032	 +3.2042
1779639161.769	   +0.0	  +0.0	 +5.0000	 +0.0063	  +789.512	 -0.0045	 -1102.859	 -0.0307	 +3.2224
1779639161.868	   +0.0	  +0.0	 +5.0000	 +0.0044	 +1140.093	 +0.0030	 +1656.691	 -0.0156	 +3.2164
1779639161.969	   +0.0	  +0.0	 +5.0000	 +0.0034	 +1456.907	 -0.0042	 -1180.509	 -0.0033	 +3.2572
1779639162.068	   +0.0	  +0.0	 +5.0000	 +0.0028	 +1786.553	 -0.0035	 -1440.190	 +0.0069	 +3.2488
1779639162.169	   +0.0	  +0.0	 +5.0000	 +0.0022	 +2282.854	 +0.0030	 +1643.131	 +0.0237	 +3.2284
1779639162.269	   +0.0	  +0.0	 +5.0000	 +0.0018	 +2799.736	 -0.0032	 -1581.587	 +0.0174	 +3.2606
1779639162.369	   +0.0	  +0.0	 +5.0000	 +0.0015	 +3434.275	 -0.0033	 -1534.074	 +0.0277	 +3.2616
1779639162.469	   +0.0	  +0.0	 +5.0000	 +0.0012	 +4205.631	 +0.0029	 +1697.328	 +0.0284	 +3.2222
1779639162.569	   +0.0	  +0.0	 +5.0000	 +0.0009	      +inf	 +0.0033	 +1513.425	 +0.0233	 +3.2159
1779639162.669	   +0.0	  +0.0	 +5.0000	 +0.0008	      +inf	 +0.0038	 +1324.421	 +0.0343	 +3.2172
1779639162.768	   +0.0	  +0.0	 +5.0000	 +0.0006	      +inf	 +0.0042	 +1203.178	 +0.0339	 +3.2335
1779639162.869	   +0.0	  +0.0	 +5.0000	 +0.0004	      +inf	 +0.6610	    +7.564	 +0.2619	 -0.2547
1779639162.968	   +0.0	  +0.0	 +5.0000	 +0.0004	      +inf	 +0.1050	   +47.622	 +0.3365	 +2.6179
1779639163.068	   +0.0	  +0.0	 +5.0000	 +0.0003	      +inf	 +0.0260	  +192.071	 +0.2976	 +3.0238
1779639163.168	   +0.0	  +0.0	 +5.0000	 +0.0002	      +inf	 +0.0085	  +586.316	 +0.2337	 +3.1330
1779639163.269	   +0.0	  +0.0	 +5.0000	 +0.0002	      +inf	 +0.0028	 +1804.733	 +0.1559	 +3.1832
1779639163.369	   +0.0	  +0.0	 +5.0000	 +0.0002	      +inf	 +0.0017	 +2872.798	 +0.0825	 +3.2088
1779639163.469	   +0.0	  +0.0	 +5.0000	 +0.0001	      +inf	 -0.0005	      +inf	 +0.0421	 +3.2358
1779639163.569	   +0.0	  +0.0	 +5.0000	 +0.0001	      +inf	 -0.0000	      +inf	 +0.0316	 +3.2372
1779639163.669	   +0.0	  +0.0	 +5.0000	 +0.0001	      +inf	 +0.0025	 +1998.122	 +0.0130	 +3.1556
1779639163.768	   +0.0	  +0.0	 +2.5600	 -3.4719	    -0.737	 +0.0026	  +985.133	-25.6052	 +0.6477
1779639163.869	   +0.0	  +0.0	 +0.8389	 +0.2787	    +3.010	 +0.0025	  +337.578	 -6.7110	 +0.0762
1779639163.969	   +0.0	  +0.0	 +0.5369	 +1.0983	    +0.489	 -0.0103	   -52.035	 -5.3828	 +0.0763
1779639164.069	   +0.0	  +0.0	 +0.6583	 -0.0041	  -158.948	 +0.0025	  +264.100	+24.1128	 +0.0606
1779639164.168	   +0.0	  +0.0	 +3.3179	 -3.6338	    -0.913	 +0.0044	  +755.459	 +8.4129	 -0.4060
1779639164.268	   +0.0	  +0.0	 +4.1955	 -0.2303	   -18.217	 +0.0045	  +930.330	 +4.4742	 -0.9791
1779639164.369	   +0.0	  +0.0	 +4.4135	 +0.4347	   +10.152	 +0.0001	      +inf	 +2.9271	 -1.3164
1779639164.468	   +0.0	  +0.0	 +4.6537	 +1.8301	    +2.543	 +0.0001	      +inf	 +1.7312	 -1.7110
1779639164.569	   +0.0	  +0.0	 +4.8160	 -0.3066	   -15.707	 -0.0006	      +inf	 +1.0182	 -1.5748
1779639164.669	   +0.0	  +0.0	 +4.8913	 +6.3706	    +0.768	 +0.0002	      +inf	 +0.5347	 -0.6557
1779639164.769	   +0.0	  +0.0	 +4.9480	 -1.3693	    -3.613	 -0.0002	      +inf	 +0.2648	 +0.2694
1779639164.868	   +0.0	  +0.0	 +4.9751	 +4.1652	    +1.194	 -0.0000	      +inf	 +0.1418	 +0.8820
1779639164.968	   +0.0	  +0.0	 +4.9853	 +0.6994	    +7.128	 -0.0005	      +inf	 +0.0767	 +1.3872
1779639165.069	   +0.0	  +0.0	 +4.9853	 +0.6994	    +7.128	 -0.0007	      +inf	 +0.0772	 +1.4632
1779639165.168	   +0.0	  +0.0	 +4.9954	 -2.6307	    -1.899	 +0.0000	      +inf	 +0.0396	 +2.0516
1779639165.269	   +0.0	  +0.0	 +4.9973	 -8.1806	    -0.611	 +0.0007	      +inf	 +0.0209	 +2.2853
1779639165.369	   +0.0	  +0.0	 +4.9984	+21.0701	    +0.237	 -0.0006	      +inf	 +0.0258	 +2.4462
1779639165.469	   +0.0	  +0.0	 +4.9991	 +5.1994	    +0.961	 -0.0002	      +inf	 +0.0125	 +2.5910
1779639165.569	   +0.0	  +0.0	 +4.9995	 +2.7507	    +1.818	 -0.0009	      +inf	 +0.0135	 +2.7233
1779639165.669	   +0.0	  +0.0	 +4.9997	 +1.9323	    +2.587	 -0.0007	      +inf	 +0.0207	 +2.8426
1779639165.769	   +0.0	  +0.0	 +4.9998	 +1.5282	    +3.272	 +0.0003	      +inf	 +0.0134	 +2.8986
1779639165.868	   +0.0	  +0.0	 +4.9999	 +0.9707	    +5.151	 +0.0002	      +inf	 +0.0176	 +2.9934
1779639165.968	   +0.0	  +0.0	 +5.0000	 +0.7721	    +6.476	 -0.0005	      +inf	 +0.0180	 +3.0444
1779639166.069	   +0.0	  +0.0	 +5.0000	 +0.6196	    +8.070	 -0.0004	      +inf	 +0.0153	 +3.0849
1779639166.169	   +0.0	  +0.0	 +5.0000	 +0.4593	   +10.886	 +0.0003	      +inf	 +0.0321	 +3.1110
1779639166.269	   +0.0	  +0.0	 +5.0000	 +0.3882	   +12.879	 +0.0009	      +inf	 +0.0316	 +3.1474
1779639166.369	   +0.0	  +0.0	 +5.0000	 +0.3152	   +15.861	 +0.0009	      +inf	 +0.0214	 +3.1676
1779639166.469	   +0.0	  +0.0	 +5.0000	 +0.2563	   +19.506	 +0.0010	      +inf	 +0.0321	 +3.1697
1779639166.569	   +0.0	  +0.0	 +5.0000	 +0.1922	   +26.019	 +0.0007	      +inf	 +0.0165	 +3.2002
1779639166.669	   +0.0	  +0.0	 +5.0000	 +0.1631	   +30.660	 -0.0007	      +inf	 +0.0330	 +3.2076
1779639166.768	   +0.0	  +0.0	 +5.0000	 +0.1224	   +40.841	 +0.0009	      +inf	 +0.0216	 +3.2072
1779639166.869	   +0.0	  +0.0	 +5.0000	 +0.1128	   +44.324	 +0.0008	      +inf	 +0.0312	 +3.2153
1779639166.968	   +0.0	  +0.0	 +5.0000	 +0.0919	   +54.380	 +0.0006	      +inf	 +0.0307	 +3.2201
1779639167.069	   +0.0	  +0.0	 +5.0000	 +0.0587	   +85.240	 +0.0002	      +inf	 +0.0314	 +3.2331
1779639167.169	   +0.0	  +0.0	 +5.0000	 +0.0478	  +104.552	 +0.0007	      +inf	 +0.0297	 +3.2213
1779639167.269	   +0.0	  +0.0	 +5.0000	 +0.0374	  +133.576	 +0.0005	      +inf	 +0.0151	 +3.2417
1779639167.369	   +0.0	  +0.0	 +5.0000	 +0.0305	  +163.824	 -0.0003	      +inf	 +0.0296	 +3.2257
1779639167.469	   +0.0	  +0.0	 +5.0000	 +0.0249	  +200.923	 +0.0009	      +inf	 +0.0159	 +3.2434
1779639167.569	   +0.0	  +0.0	 +5.0000	 +0.0211	  +236.566	 +0.0010	      +inf	 +0.0180	 +3.2285
1779639167.669	   +0.0	  +0.0	 +5.0000	 +0.0172	  +290.141	 +0.0011	 +4748.164	 +0.0171	 +3.2401
1779639167.768	   +0.0	  +0.0	 +5.0000	 +0.0129	  +386.107	 +0.0001	      +inf	 +0.0260	 +3.2465
1779639167.868	   +0.0	  +0.0	 +5.0000	 +0.0097	  +513.821	 -0.0007	      +inf	 +0.0178	 +3.2447
1779639167.968	   +0.0	  +0.0	 +5.0000	 +0.0079	  +630.103	 +0.0006	      +inf	 +0.0282	 +3.2400
1779639168.068	   +0.0	  +0.0	 +5.0000	 +0.0062	  +805.030	 +0.0000	      +inf	 +0.0216	 +3.2351
1779639168.168	   +0.0	  +0.0	 +5.0000	 +0.0051	  +987.240	 -0.0009	      +inf	 +0.0297	 +3.2380
1779639168.268	   +0.0	  +0.0	 +5.0000	 +0.0040	 +1261.327	 +0.0003	      +inf	 +0.0330	 +3.2512
1779639168.369	   +0.0	  +0.0	 +5.0000	 +0.0032	 +1547.195	 -0.0006	      +inf	 +0.0241	 +3.2417
1779639168.469	   +0.0	  +0.0	 +5.0000	 +0.0026	 +1897.096	 -0.0000	      +inf	 +0.0235	 +3.2395
1779639168.568	   +0.0	  +0.0	 +5.0000	 +0.0021	 +2424.303	 -0.0007	      +inf	 +0.0150	 +3.2421
1779639168.669	   +0.0	  +0.0	 +5.0000	 +0.0017	 +2972.771	 -0.0003	      +inf	 +0.0291	 +3.2478
1779639168.768	   +0.0	  +0.0	 +5.0000	 +0.0014	 +3500.776	 +0.0011	 +4397.077	 +0.0225	 +3.2409
1779639168.869	   +0.0	  +0.0	 +5.0000	 +0.0012	 +4291.697	 +0.0005	      +inf	 +0.0234	 +3.2446
1779639168.969	   +0.0	  +0.0	 +5.0000	 +0.0010	      +inf	 +0.0006	      +inf	 +0.0313	 +3.2368
1779639169.069	   +0.0	  +0.0	 +5.0000	 +0.0007	      +inf	 -0.0006	      +inf	 +0.0277	 +3.2432
1779639169.168	   +0.0	  +0.0	 +5.0000	 +0.0005	      +inf	 -0.0002	      +inf	 +0.0149	 +3.2505
1779639169.268	   +0.0	  +0.0	 +5.0000	 +0.0004	      +inf	 -0.0003	      +inf	 +0.0346	 +3.2418
1779639169.368	   +0.0	  +0.0	 +5.0000	 +0.0003	      +inf	 +0.0005	      +inf	 +0.0190	 +3.2364
1779639169.468	   +0.0	  +0.0	 +5.0000	 +0.0003	      +inf	 +0.0000	      +inf	 +0.0248	 +3.2350
1779639169.568	   +0.0	  +0.0	 +5.0000	 +0.0002	      +inf	 -0.0000	      +inf	 +0.0200	 +3.2436
1779639169.669	   +0.0	  +0.0	 +5.0000	 +0.0002	      +inf	 +0.0009	      +inf	 +0.0287	 +3.2496
1779639169.768	   +0.0	  +0.0	 +5.0000	 +0.0001	      +inf	 +0.0003	      +inf	 +0.0169	 +3.2343
1779639169.868	   +0.0	  +0.0	 +5.0000	 +0.0001	      +inf	 -0.0003	      +inf	 +0.0349	 +3.2336
1779639169.968	   +0.0	  +0.0	 +5.0000	 +0.0001	      +inf	 -0.0001	      +inf	 +0.0225	 +3.2350
1779639170.068	   +0.0	  +0.0	 +5.0000	 +0.0001	      +inf	 +0.0007	      +inf	 +0.0276	 +3.2433
1779639170.168	   +0.0	  +0.0	 +5.0000	 +0.0001	      +inf	 -0.0005	      +inf	 +0.0186	 +3.2482
1779639170.268	   +0.0	  +0.0	 +5.0000	 +0.0000	      +inf	 -0.0007	      +inf	 +0.0272	 +3.2423
1779639170.368	   +0.0	  +0.0	 +5.0000	 +0.0000	      +inf	 +0.0001	      +inf	 +0.0161	 +3.2335
1779639170.468	   +0.0	  +0.0	 +5.0000	 +0.0000	      +inf	 -0.0000	      +inf	 +0.0319	 +3.2353
1779639170.568	   +0.0	  +0.0	 +5.0000	 +0.0000	      +inf	 +0.0009	      +inf	 +0.0179	 +3.2338
1779639170.668	   +0.0	  +0.0	 +5.0000	 +0.0000	      +inf	 +0.0006	      +inf	 +0.0157	 +3.2366
1779639170.768	   +0.0	  +0.0	 +5.0000	 +0.0000	      +inf	 -0.0004	      +inf	 +0.0173	 +3.2333
1779639170.868	   +0.0	  +0.0	 +5.0000	 +0.0000	      +inf	 +0.0013	 +3748.472	 +0.0278	 +3.2323
1779639170.968	   +0.0	  +0.0	 +5.0000	 +0.0000	      +inf	 +0.0010	 +4892.788	 +0.0280	 +3.2402
1779639171.068	   +0.0	  +0.0	 +5.0000	 +0.0000	      +inf	 +0.0022	 +2300.937	 +0.0355	 +3.2264
1779639171.168	   +0.0	  +0.0	 +5.0000	 +0.0000	      +inf	 +0.0014	 +3646.686	 +0.0199	 +3.2309
1779639171.268	   +0.0	  +0.0	 +5.0000	 +0.0000	      +inf	 -0.0003	      +inf	 +0.0250	 +3.2352
1779639171.368	   +0.0	  +0.0	 +5.0000	 +0.0000	      +inf	 -0.0002	      +inf	 +0.0200	 +3.2401
1779639171.468	   +0.0	  +0.0	 +5.0000	 +0.0000	      +inf	 -0.0008	      +inf	 +0.0275	 +3.2454
1779639171.568	   +0.0	  +0.0	 +5.0000	 +0.0000	      +inf	 -0.0012	 -4088.725	 +0.0333	 +3.2485
1779639171.668	   +0.0	  +0.0	 +5.0000	 +0.0000	      +inf	 +0.0009	      +inf	 +0.0165	 +3.2406
1779639171.768	   +0.0	  +0.0	 +5.0000	 +0.0000	      +inf	 +0.0011	 +4418.523	 +0.0167	 +3.2461
1779639171.868	   +0.0	  +0.0	 +5.0000	 +0.0000	      +inf	 -0.0005	      +inf	 +0.0436	 +3.2541
1779639171.968	   +0.0	  +0.0	 +5.0000	 +0.0000	      +inf	 -0.0001	      +inf	 +0.0503	 +3.2613
1779639172.069	   +0.0	  +0.0	 +5.0000	 +0.0000	      +inf	 +0.0010	 +4900.958	 +0.0807	 +3.2477
1779639172.169	   +0.0	  +0.0	 +5.0000	 +0.0000	      +inf	 +0.0003	      +inf	 +0.0776	 +3.2447
1779639172.268	   +0.0	  +0.0	 +5.0000	 +0.0000	      +inf	 -0.0002	      +inf	 +0.0669	 +3.2370
1779639172.368	   +0.0	  +0.0	 +5.0000	 +0.0000	      +inf	 +0.0010	      +inf	 +0.0445	 +3.2406
1779639176.027	   +0.0	  +0.0	 +5.0000	 +0.0000	      +inf	 +0.0008	      +inf	 +0.0455	 +3.2474
1779639176.068	   +0.0	  +0.0	 +5.0000	 +0.0000	      +inf	 -0.0011	 -4703.266	 +0.0147	 +3.2442
1779639176.168	   +0.0	  +0.0	 +5.0000	 +0.0000	      +inf	 -0.0022	 -2306.042	 -0.0013	 +3.2538
1779639176.268	   +0.0	  +0.0	 +5.0000	 +0.0000	      +inf	 +0.0000	      +inf	 -0.0222	 +3.2703
1779639176.368	   +0.0	  +0.0	 +5.0000	 +0.0000	      +inf	 -0.0005	      +inf	 -0.0075	 +3.2636
1779639176.468	   +0.0	  +0.0	 +5.0000	 +0.0000	      +inf	 -0.0007	      +inf	 -0.0021	 +3.2548
1779639176.568	   +0.0	  +0.0	 +5.0000	 +0.0000	      +inf	 -0.0003	      +inf	 -0.0020	 +3.2485
1779639176.669	   +0.0	  +0.0	 +5.0000	 +0.0000	      +inf	 +0.0006	      +inf	 +0.0060	 +3.2555
1779639176.769	   +0.0	  +0.0	 +5.0000	 +0.0000	      +inf	 -0.0009	      +inf	 +0.0202	 +3.2492
1779639176.869	   +0.0	  +0.0	 +5.0000	 +0.0000	      +inf	 -0.0006	      +inf	 +0.0172	 +3.2447
1779639176.968	   +0.0	  +0.0	 +5.0000	 +0.0000	      +inf	 +0.0000	      +inf	 +0.0345	 +3.2477
1779639177.068	   +0.0	  +0.0	 +5.0000	 +0.0000	      +inf	 +0.0009	      +inf	 +0.0310	 +3.2448
1779639177.168	   +0.0	  +0.0	 +5.0000	 +0.0000	      +inf	 -0.0008	      +inf	 +0.0271	 +3.2325
1779639177.269	   +0.0	  +0.0	 +5.0000	 +0.0000	      +inf	 +0.0006	      +inf	 +0.0162	 +3.2328
1779639177.368	   +0.0	  +0.0	 +5.0000	 +0.0000	      +inf	 +0.0003	      +inf	 +0.0310	 +3.2398
1779639177.468	   +0.0	  +0.0	 +5.0000	 +0.0000	      +inf	 +0.0001	      +inf	 +0.0201	 +3.2372
1779639177.568	   +0.0	  +0.0	 +5.0000	 +0.0000	      +inf	 +0.0002	      +inf	 +0.0222	 +3.2461
1779639177.668	   +0.0	  +0.0	 +5.0000	 +0.0000	      +inf	 -0.0009	      +inf	 +0.0230	 +3.2382
1779639177.769	   +0.0	  +0.0	 +5.0000	 +0.0000	      +inf	 +0.0005	      +inf	 +0.0320	 +3.2352
1779639177.868	   +0.0	  +0.0	 +5.0000	 +0.0000	      +inf	 +0.0005	      +inf	 +0.0263	 +3.2373
1779639177.969	   +0.0	  +0.0	 +5.0000	 +0.0000	      +inf	 +0.0011	 +4603.926	 +0.0150	 +3.2477
1779639178.069	   +0.0	  +0.0	 +5.0000	 +0.0000	      +inf	 -0.0003	      +inf	 +0.0297	 +3.2530
1779639178.169	   +0.0	  +0.0	 +5.0000	 +0.0000	      +inf	 +0.0007	      +inf	 +0.0259	 +3.2490
1779639178.268	   +0.0	  +0.0	 +5.0000	 +0.0000	      +inf	 -0.0003	      +inf	 +0.0323	 +3.2375
1779639178.369	   +0.0	  +0.0	 +5.0000	 +0.0000	      +inf	 +0.0010	      +inf	 +0.0171	 +3.2472
1779639178.468	   +0.0	  +0.0	 +5.0000	 +0.0000	      +inf	 +0.0004	      +inf	 +0.0302	 +3.2343
1779639178.568	   +0.0	  +0.0	 +5.0000	 +0.0000	      +inf	 +0.0003	      +inf	 +0.0301	 +3.2497
1779639178.668	   +0.0	  +0.0	 +5.0000	 +0.0000	      +inf	 +0.0007	      +inf	 +0.0277	 +3.2371
1779639178.768	   +0.0	  +0.0	 +5.0000	 +0.0000	      +inf	 -0.0005	      +inf	 +0.0183	 +3.2370
1779639178.868	   +0.0	  +0.0	 +5.0000	 +0.0000	      +inf	 +0.0005	      +inf	 +0.0328	 +3.2384
1779639178.968	   +0.0	  +0.0	 +5.0000	 +0.0000	      +inf	 +0.0003	      +inf	 +0.0286	 +3.2499
1779639179.069	   +0.0	  +0.0	 +5.0000	 +0.0000	      +inf	 -0.0007	      +inf	 +0.0322	 +3.2331
1779639179.168	   +0.0	  +0.0	 +5.0000	 +0.0000	      +inf	 +0.0001	      +inf	 +0.0276	 +3.2518
1779639179.268	   +0.0	  +0.0	 +5.0000	 +0.0000	      +inf	 -0.0002	      +inf	 +0.0264	 +3.2464
1779639179.368	   +0.0	  +0.0	 +5.0000	 +0.0000	      +inf	 +0.0003	      +inf	 +0.0318	 +3.2402
1779639179.469	   +0.0	  +0.0	 +5.0000	 +0.0000	      +inf	 +0.0009	      +inf	 +0.0303	 +3.2463
1779639179.568	   +0.0	  +0.0	 +5.0000	 +0.0000	      +inf	 -0.0006	      +inf	 +0.0170	 +3.2402
1779639179.668	   +0.0	  +0.0	 +5.0000	 +0.0000	      +inf	 -0.0008	      +inf	 +0.0292	 +3.2388
1779639179.768	   +0.0	  +0.0	 +5.0000	 +0.0000	      +inf	 +0.0001	      +inf	 +0.0292	 +3.2457
1779639179.868	   +0.0	  +0.0	 +5.0000	 +0.0000	      +inf	 +0.0010	      +inf	 +0.0322	 +3.2367
1779639179.968	   +0.0	  +0.0	 +5.0000	 +0.0000	      +inf	 +0.0001	      +inf	 +0.0174	 +3.2523
1779639180.068	   +0.0	  +0.0	 +5.0000	 +0.0000	      +inf	 +0.0009	      +inf	 +0.0156	 +3.2390
1779639180.168	   +0.0	  +0.0	 +5.0000	 +0.0000	      +inf	 +0.0006	      +inf	 +0.0325	 +3.2514
1779639180.269	   +0.0	  +0.0	 +5.0000	 +0.0000	      +inf	 +0.0008	      +inf	 +0.0181	 +3.2456
1779639180.368	   +0.0	  +0.0	 +5.0000	 +0.0000	      +inf	 +0.0011	 +4644.751	 +0.0171	 +3.2481
1779639180.468	   +0.0	  +0.0	 +5.0000	 +0.0000	      +inf	 -0.0006	      +inf	 +0.0311	 +3.2378
1779639180.569	   +0.0	  +0.0	 +5.0000	 +0.0000	      +inf	 +0.0007	      +inf	 +0.0343	 +3.2470
1779639180.668	   +0.0	  +0.0	 +5.0000	 +0.0000	      +inf	 +0.0004	      +inf	 +0.0215	 +3.2349
1779639180.768	   +0.0	  +0.0	 +5.0000	 +0.0000	      +inf	 -0.0006	      +inf	 +0.0234	 +3.2373
1779639180.868	   +0.0	  +0.0	 +5.0000	 +0.0000	      +inf	 -0.0002	      +inf	 +0.0258	 +3.2361
1779639180.969	   +0.0	  +0.0	 +5.0000	 +0.0000	      +inf	 +0.0011	 +4632.418	 +0.0233	 +3.2463
1779639181.069	   +0.0	  +0.0	 +5.0000	 +0.0000	      +inf	 -0.0005	      +inf	 +0.0223	 +3.2407
1779639181.168	   +0.0	  +0.0	 +5.0000	 +0.0000	      +inf	 -0.0005	      +inf	 +0.0198	 +3.2470
1779639181.269	   +0.0	  +0.0	 +5.0000	 +0.0000	      +inf	 +0.0004	      +inf	 +0.0212	 +3.2516
1779639181.368	   +0.0	  +0.0	 +5.0000	 +0.0000	      +inf	 +0.0003	      +inf	 +0.0162	 +3.2522
1779639181.469	   +0.0	  +0.0	 +5.0000	 +0.0000	      +inf	 +0.0001	      +inf	 +0.0241	 +3.2490
1779639181.569	   +0.0	  +0.0	 +5.0000	 +0.0000	      +inf	 +0.0007	      +inf	 +0.0269	 +3.2371
1779639181.668	   +0.0	  +0.0	 +5.0000	 +0.0000	      +inf	 -0.0001	      +inf	 +0.0332	 +3.2397
1779639181.769	   +0.0	  +0.0	 +5.0000	 +0.0000	      +inf	 -0.0008	      +inf	 +0.0286	 +3.2442
1779639181.868	   +0.0	  +0.0	 +5.0000	 +0.0000	      +inf	 -0.0005	      +inf	 +0.0211	 +3.2448
1779639181.969	   +0.0	  +0.0	 +5.0000	 +0.0000	      +inf	 +0.0010	 +4913.874	 +0.0303	 +3.2424
1779639182.069	   +0.0	  +0.0	 +5.0000	 +0.0000	      +inf	 +0.0003	      +inf	 +0.0274	 +3.2466
1779639182.168	   +0.0	  +0.0	 +5.0000	 +0.0000	      +inf	 -0.0002	      +inf	 +0.0204	 +3.2453
1779639182.268	   +0.0	  +0.0	 +5.0000	 +0.0000	      +inf	 +0.0003	      +inf	 +0.0313	 +3.2452
1779639182.368	   +0.0	  +0.0	 +5.0000	 +0.0000	      +inf	 -0.0003	      +inf	 +0.0196	 +3.2363
1779639182.468	   +0.0	  +0.0	 +5.0000	 +0.0000	      +inf	 -0.0003	      +inf	 +0.0156	 +3.2387
1779639182.568	   +0.0	  +0.0	 +5.0000	 +0.0000	      +inf	 +0.0007	      +inf	 +0.0172	 +3.2526
1779639182.668	   +0.0	  +0.0	 +5.0000	 +0.0000	      +inf	 -0.0001	      +inf	 +0.0162	 +3.2504
1779639182.769	   +0.0	  +0.0	 +5.0000	 +0.0000	      +inf	 +0.0002	      +inf	 +0.0190	 +3.2433
1779639182.869	   +0.0	  +0.0	 +5.0000	 +0.0000	      +inf	 +0.0006	      +inf	 +0.0279	 +3.2514
1779639182.968	   +0.0	  +0.0	 +5.0000	 +0.0000	      +inf	 -0.0002	      +inf	 +0.0218	 +3.2524
1779639183.068	   +0.0	  +0.0	 +5.0000	 +0.0000	      +inf	 -0.0003	      +inf	 +0.0326	 +3.2511
1779639183.168	   +0.0	  +0.0	 +5.0000	 +0.0000	      +inf	 +0.0007	      +inf	 +0.0175	 +3.2362
1779639183.269	   +0.0	  +0.0	 +5.0000	 +0.0000	      +inf	 +0.0001	      +inf	 +0.0277	 +3.2395
1779639183.368	   +0.0	  +0.0	 +5.0000	 +0.0000	      +inf	 -0.0005	      +inf	 +0.0256	 +3.2431
1779639183.468	   +0.0	  +0.0	 +5.0000	 +0.0000	      +inf	 -0.0002	      +inf	 +0.0239	 +3.2377
1779639183.568	   +0.0	  +0.0	 +5.0000	 +0.0000	      +inf	 +0.0002	      +inf	 +0.0165	 +3.2453
1779639183.669	   +0.0	  +0.0	 +5.0000	 +0.0000	      +inf	 +0.0003	      +inf	 +0.0339	 +3.2357
1779639183.768	   +0.0	  +0.0	 +5.0000	 +0.0000	      +inf	 +0.0010	 +4911.829	 +0.0149	 +3.2451
1779639183.868	   +0.0	  +0.0	 +5.0000	 +0.0000	      +inf	 -0.0006	      +inf	 +0.0285	 +3.2327
1779639183.968	   +0.0	  +0.0	 +5.0000	 +0.0000	      +inf	 +0.0010	 +4787.847	 +0.0251	 +3.2418
1779639184.069	   +0.0	  +0.0	 +5.0000	 +0.0000	      +inf	 +0.0000	      +inf	 +0.0163	 +3.2339
1779639184.169	   +0.0	  +0.0	 +5.0000	 +0.0000	      +inf	 +0.0008	      +inf	 +0.0256	 +3.2420
1779639184.268	   +0.0	  +0.0	 +5.0000	 +1.7692	    +2.826	 +0.0009	      +inf	 +0.0123	 +2.8843
1779639184.368	   +0.0	  +0.0	 +5.0000	 -5.2962	    -0.944	 +0.0005	      +inf	 +0.0151	 +2.3625
1779639184.468	   +0.0	  +0.0	 +5.0000	 -1.7127	    -2.919	 -0.0025	 -1976.621	 +0.0175	 +1.9552
1779639184.569	   +0.0	  +0.0	 +5.0000	 +5.0733	    +0.986	 -0.0013	 -3979.482	 +0.0281	 +0.9048
1779639184.668	   +0.0	  +0.0	 +5.0000	 +0.1989	   +25.132	 -0.0012	 -4235.851	 +0.0550	 -0.0881
1779639184.768	   +0.0	  +0.0	 +5.0000	 +5.8408	    +0.856	 -0.0020	 -2540.553	 +0.0455	 -0.6370
1779639184.868	   +0.0	  +0.0	 +5.0000	-30.5330	    -0.164	 -0.0011	 -4354.656	 +0.0394	 -0.7340
1779639184.968	   +0.0	  +0.0	 +5.0000	 +0.3551	   +14.081	 -0.0018	 -2814.491	 +0.0297	 -1.5428
1779639185.068	   +0.0	  +0.0	 +5.0000	 +1.7658	    +2.832	 -0.0006	      +inf	 -0.0092	 -1.8461
1779639185.168	   +0.0	  +0.0	 +5.0000	 +4.7170	    +1.060	 -0.0011	 -4616.683	 -0.0234	 -2.1595
1779639185.268	   +0.0	  +0.0	 +5.0000	-22.3926	    -0.223	 -0.0006	      +inf	 -0.0304	 -2.3936
1779639185.369	   +0.0	  +0.0	 +5.0000	 -7.5222	    -0.665	 -0.0003	      +inf	 -0.0289	 -2.5288
1779639185.468	   +0.0	  +0.0	 +5.0000	 -3.3015	    -1.514	 -0.0005	      +inf	 -0.0232	 -2.6736
1779639185.568	   +0.0	  +0.0	 +5.0000	 -2.0726	    -2.412	 -0.0010	      +inf	 +0.0121	 -2.8241
1779639185.669	   +0.0	  +0.0	 +5.0000	 -1.6246	    -3.078	 -0.0001	      +inf	 +0.0035	 -2.8614
1779639185.768	   +0.0	  +0.0	 +5.0000	 -1.0221	    -4.892	 +0.0009	      +inf	 +0.0149	 -2.9708
1779639185.868	   +0.0	  +0.0	 +5.0000	 -0.8883	    -5.628	 +0.0008	      +inf	 +0.0346	 -3.0104
1779639185.969	   +0.0	  +0.0	 +5.0000	 -0.7093	    -7.049	 +0.0004	      +inf	 +0.0341	 -3.0698
1779639186.069	   +0.0	  +0.0	 +5.0000	 -0.5237	    -9.547	 +0.0006	      +inf	-49.9804	 -3.1117
1779639186.168	   +0.0	  +0.0	 +1.6384	 +0.4607	    +3.557	 +0.0025	  +668.081	-16.3854	 -0.2919
1779639186.269	   +0.0	  +0.0	 -1.3705	+188.2804	    -0.007	 +0.0022	  -625.328	-36.2918	 -0.1297
1779639186.369	   +0.0	  +0.0	 -3.8107	 -0.1886	   +20.204	 +0.0006	      +inf	-11.8842	 -0.0921
1779639186.469	   +0.0	  +0.0	 -4.6103	 +3.2881	    -1.402	 +0.0003	      +inf	 -3.8891	 +0.4188
1779639186.568	   +0.0	  +0.0	 -4.8978	 -2.7232	    +1.799	 +0.0009	      +inf	 -1.2783	 +0.9388
1779639186.668	   +0.0	  +0.0	 -4.9665	 -0.3867	   +12.842	 -0.0005	      +inf	 -0.4238	 +1.3843
1779639186.768	   +0.0	  +0.0	 -4.9930	 +1.4758	    -3.383	 +0.0009	      +inf	 -0.0781	 +1.9049
1779639186.869	   +0.0	  +0.0	 -4.9977	 +3.9171	    -1.276	 +0.0010	 -4830.120	 -0.0368	 +2.1481
1779639186.968	   +0.0	  +0.0	 -4.9985	 +6.2045	    -0.806	 +0.0003	      +inf	 -0.0360	 +2.2321
1779639187.069	   +0.0	  +0.0	 -4.9998	 -6.0508	    +0.826	 -0.0006	      +inf	 -0.0285	 +2.5783
1779639187.169	   +0.0	  +0.0	 -4.9999	 -3.2599	    +1.534	 +0.0005	      +inf	 -0.0187	 +2.6910
1779639187.268	   +0.0	  +0.0	 -5.0000	 -2.1960	    +2.277	 +0.0007	      +inf	 -0.0194	 +2.8071
1779639187.369	   +0.0	  +0.0	 -5.0000	 -1.6122	    +3.101	 +0.0007	      +inf	 -0.0301	 +2.8806
1779639187.468	   +0.0	  +0.0	 -5.0000	 -1.1747	    +4.256	 +0.0001	      +inf	 -0.0304	 +2.9454
1779639187.568	   +0.0	  +0.0	 -3.6450	 -0.6436	    +5.663	 +0.0065	  -556.602	+16.3817	 +1.2576
1779639187.668	   +0.0	  +0.0	 -2.1523	 +0.4510	    -4.772	 -0.0088	  +245.555	+35.7444	 +0.3976
1779639187.768	   +0.0	  +0.0	 +0.3074	 +0.1958	    +1.570	 +0.0009	      +inf	+23.4641	 +0.0753
1779639187.868	   +0.0	  +0.0	 +2.7555	 -0.0442	   -62.371	 -0.0012	 -2298.027	+10.1003	 +0.0141
1779639187.968	   +0.0	  +0.0	 +3.9265	+40.0462	    +0.098	 +0.0026	 +1486.750	 +5.3500	 -0.4590
1779639188.068	   +0.0	  +0.0	 +4.4295	 -1.1551	    -3.835	 -0.0017	 -2657.812	 +3.1565	 -0.9045
1779639188.168	   +0.0	  +0.0	 +4.6631	 +0.2040	   +22.857	 -0.0002	      +inf	 +1.6740	 -1.4178
1779639188.268	   +0.0	  +0.0	 +4.8011	 +1.5179	    +3.163	 -0.0005	      +inf	 +0.9982	 -1.7758
1779639188.368	   +0.0	  +0.0	 +4.8825	 +4.0909	    +1.194	 -0.0006	      +inf	 +0.5979	 -2.0580
1779639188.468	   +0.0	  +0.0	 +4.9306	+26.9087	    +0.183	 -0.0004	      +inf	 +0.3675	 -2.2961
1779639188.568	   +0.0	  +0.0	 +4.9590	 -8.4582	    -0.586	 +0.0004	      +inf	 +0.2291	 -2.4931
1779639188.669	   +0.0	  +0.0	 +4.9782	 -3.4653	    -1.437	 -0.0009	      +inf	 +0.1365	 -2.6440
1779639188.768	   +0.0	  +0.0	 +4.9916	 -1.7747	    -2.813	 -0.0006	      +inf	 +0.0704	 -2.8233
1779639188.868	   +0.0	  +0.0	 +4.9916	 -1.7747	    -2.813	 +0.0008	      +inf	 +0.0697	 -2.8525
1779639188.968	   +0.0	  +0.0	 +4.9971	 -1.0485	    -4.766	 -0.0005	      +inf	 +0.0318	 -2.9828
1779639189.068	   +0.0	  +0.0	 +3.1986	 -0.5318	    -6.015	 +0.0009	      +inf	-31.9761	 -1.2845
1779639189.169	   +0.0	  +0.0	 -0.1615	 -0.0885	    +1.825	 -0.0031	   +51.590	-60.4783	 -0.1824
1779639189.268	   +0.0	  +0.0	 -3.4145	 +2.0082	    -1.700	 -0.0043	  +800.038	-15.8400	 -0.5793
1779639189.369	   +0.0	  +0.0	 -4.4805	 -1.2465	    +3.594	 -0.0049	  +919.169	 -6.4878	 -0.4165
1779639189.468	   +0.0	  +0.0	 -4.8298	 +1.5134	    -3.191	 -0.0033	 +1443.066	 -1.6852	 +0.2568
1779639189.568	   +0.0	  +0.0	 -4.9714	 -2.5668	    +1.937	 +0.0049	 -1007.376	 -0.3552	 +1.0271
1779639189.668	   +0.0	  +0.0	 -4.9906	 -0.3289	   +15.172	 +0.0049	 -1013.484	 -0.0907	 +1.4997
1779639189.768	   +0.0	  +0.0	 -4.9969	 +0.9578	    -5.217	 -0.0043	 +1169.842	 -0.0443	 +1.7916
1779639189.869	   +0.0	  +0.0	 -4.9990	 +2.7633	    -1.809	 +0.0034	 -1474.193	 -0.0156	 +2.0939
1779639189.968	   +0.0	  +0.0	 -4.9997	 +8.9119	    -0.561	 -0.0048	 +1036.464	 -0.0091	 +2.2708
1779639190.068	   +0.0	  +0.0	 -4.9999	-18.1047	    +0.276	 +0.0047	 -1053.693	 -0.0217	 +2.4820
1779639190.168	   +0.0	  +0.0	 -5.0000	 +1.0468	    -4.776	 -0.0051	  +980.654	 -0.0025	 +1.8616
1779639190.268	   +0.0	  +0.0	 -5.0000	 -0.3781	   +13.223	 +0.0038	 -1322.465	 -0.0006	 +1.5670
1779639190.369	   +0.0	  +0.0	 -5.0000	 +4.5027	    -1.110	 +0.0031	 -1612.050	 -0.0095	 +0.6609
1779639190.468	   +0.0	  +0.0	 -5.0000	 -0.4474	   +11.175	 +0.0396	  -126.120	 -0.0132	 +0.2585
1779639190.568	   +0.0	  +0.0	 -3.6450	 -6.1908	    +0.589	 -0.0078	  +466.047	+20.2399	 -0.3558
1779639190.668	   +0.0	  +0.0	 -1.2023	 +0.5930	    -2.028	 -0.0019	  +642.970	+31.0175	 -0.0399
1779639190.768	   +0.0	  +0.0	 +0.9306	 -0.1079	    -8.626	 +0.0027	  +350.064	+20.3407	 -0.0417
1779639190.868	   +0.0	  +0.0	 +2.5971	 +0.3792	    +6.848	 +0.0000	      +inf	+10.8142	 -0.5828
1779639190.968	   +0.0	  +0.0	 +4.1622	 +5.6799	    +0.733	 +0.0029	 +1449.511	 +4.1832	 -1.5551
1779639191.068	   +0.0	  +0.0	 +4.3213	+12.2993	    +0.351	 -0.0016	 -2644.156	 +3.0548	 -1.8013
1779639191.168	   +0.0	  +0.0	 +4.7371	 -4.6590	    -1.017	 +0.0027	 +1724.870	 +1.4615	 -2.2946
1779639191.269	   +0.0	  +0.0	 +4.8447	 -2.8026	    -1.729	 +0.0028	 +1760.877	 +0.7833	 -2.5772
1779639191.368	   +0.0	  +0.0	 +4.9083	 -1.9716	    -2.489	 -0.0027	 -1801.777	 +0.4834	 -2.7025
1779639191.468	   +0.0	  +0.0	 +4.9399	 -1.5618	    -3.163	 +0.0041	 +1216.184	 +0.2819	 -2.8458
1779639191.569	   +0.0	  +0.0	 +4.9645	 -1.2049	    -4.120	 -0.0029	 -1690.688	 +0.1749	 -2.9054
1779639191.668	   +0.0	  +0.0	 +4.9862	 -0.7913	    -6.301	 -0.0037	 -1356.868	 +0.0895	 -3.0081
1779639191.768	   +0.0	  +0.0	 +4.9889	 -0.7241	    -6.890	 -0.0043	 -1172.012	 +0.0763	 -3.0153
1779639191.869	   +0.0	  +0.0	 +4.9934	 -0.5826	    -8.571	 +0.0028	 +1796.262	 +0.0494	 -3.0963
1779639191.969	   +0.0	  +0.0	 +4.9972	 -0.4151	   -12.039	 -0.0035	 -1429.628	 +0.0285	 -3.1173
1779639192.068	   +0.0	  +0.0	 +4.9986	 -0.3101	   -16.121	 +0.0039	 +1280.602	 +0.0377	 -3.1638
1779639192.168	   +0.0	  +0.0	 +4.9992	 -0.2522	   -19.824	 +0.0039	 +1295.459	 +0.0243	 -3.1984
1779639192.269	   +0.0	  +0.0	 +4.9996	 -0.1970	   -25.378	 -0.0041	 -1226.098	 +0.0274	 -3.1656
1779639192.368	   +0.0	  +0.0	 +4.9997	 -0.1672	   -29.905	 +0.0034	 +1460.658	 +0.0219	 -3.2135
1779639192.468	   +0.0	  +0.0	 +4.9998	 -0.1362	   -36.706	 -0.0042	 -1185.258	 +0.0169	 -3.1898
1779639192.568	   +0.0	  +0.0	 +4.9999	 -0.1110	   -45.040	 +0.0021	 +2418.290	 +0.0309	 -3.2350
1779639192.668	   +0.0	  +0.0	 +5.0000	 -0.0834	   -59.965	 -0.0038	 -1327.066	 +0.0190	 -3.1902
1779639192.769	   +0.0	  +0.0	 +5.0000	 -0.0738	   -67.786	 +0.0030	 +1682.146	 +0.0247	 -3.2339
1779639192.869	   +0.0	  +0.0	 +5.0000	 -0.0511	   -97.900	 -0.0029	 -1713.088	 +0.0172	 -3.2027
1779639192.969	   +0.0	  +0.0	 +5.0000	 -0.0416	  -120.073	 +0.0041	 +1207.268	 +0.0173	 -3.2450
1779639193.069	   +0.0	  +0.0	 +5.0000	 -0.0368	  -135.720	 +0.0037	 +1366.145	 +0.0287	 -3.2511
1779639193.168	   +0.0	  +0.0	 +5.0000	 -0.0255	  -196.002	 +0.0034	 +1482.569	 +0.0165	 -3.2513
1779639193.268	   +0.0	  +0.0	 +5.0000	 -0.0208	  -240.395	 -0.0031	 -1610.015	 +0.0297	 -3.2203
1779639193.368	   +0.0	  +0.0	 +5.0000	 -0.0170	  -294.841	 +0.0033	 +1521.811	 +0.0174	 -3.2537
1779639193.468	   +0.0	  +0.0	 +5.0000	 -0.0138	  -361.606	 -0.0033	 -1528.877	 +0.0151	 -3.2210
1779639193.568	   +0.0	  +0.0	 +5.0000	 -0.0113	  -443.457	 +0.0026	 +1952.355	 +0.0260	 -3.2559
1779639193.668	   +0.0	  +0.0	 +5.0000	 -0.0092	  -543.884	 +0.0029	 +1709.161	 +0.0222	 -3.2590
1779639193.768	   +0.0	  +0.0	 +5.0000	 -0.0066	  -753.758	 -0.0033	 -1523.960	 +0.0166	 -3.2184
1779639193.868	   +0.0	  +0.0	 +5.0000	 -0.0050	 -1003.106	 -0.0044	 -1142.263	 +0.0199	 -3.2190
1779639193.968	   +0.0	  +0.0	 +5.0000	 -0.0044	 -1133.684	 -0.0034	 -1483.304	 +0.0295	 -3.2153
1779639194.068	   +0.0	  +0.0	 +5.0000	 -0.0036	 -1390.818	 -0.0030	 -1645.571	 +0.0195	 -3.2318
1779639194.169	   +0.0	  +0.0	 +5.0000	 -0.0027	 -1850.884	 +0.0031	 +1632.818	 +0.0197	 -3.2523
1779639194.268	   +0.0	  +0.0	 +5.0000	 -0.0022	 -2270.005	 -0.0027	 -1853.367	 +0.0264	 -3.2160
1779639194.368	   +0.0	  +0.0	 +5.0000	 -0.0017	 -2897.205	 +0.0030	 +1656.815	 +0.0157	 -3.2535
1779639194.468	   +0.0	  +0.0	 +5.0000	 -0.0014	 -3552.969	 -0.0039	 -1297.171	 +0.0220	 -3.2354
1779639194.568	   +0.0	  +0.0	 +5.0000	 -0.0011	 -4363.128	 +0.0033	 +1496.709	 +0.0295	 -3.2610
1779639194.668	   +0.0	  +0.0	 +5.0000	 -0.0009	      +inf	 -0.0041	 -1225.805	 +0.0229	 -3.2356
1779639194.768	   +0.0	  +0.0	 +5.0000	 -0.0007	      +inf	 +0.0040	 +1258.835	 +0.0309	 -3.2581
1779639194.868	   +0.0	  +0.0	 +5.0000	 -0.0006	      +inf	 +0.0028	 +1757.931	 +0.0332	 -3.2516
1779639194.968	   +0.0	  +0.0	 +5.0000	 -0.0004	      +inf	 -0.0037	 -1368.174	 +0.0286	 -3.2331
1779639195.069	   +0.0	  +0.0	 +5.0000	 -0.0004	      +inf	 +0.0026	 +1902.850	 +0.0327	 -3.2563
1779639195.168	   +0.0	  +0.0	 +5.0000	 -0.0003	      +inf	 -0.0030	 -1687.850	 +0.0276	 -3.2289
1779639195.269	   +0.0	  +0.0	 +5.0000	 -0.0002	      +inf	 +0.0025	 +1987.027	 +0.0206	 -3.2687
1779639195.368	   +0.0	  +0.0	 +5.0000	 -2.7772	    -1.800	 +0.0042	 +1202.649	 +0.0259	 -2.8885
1779639195.469	   +0.0	  +0.0	 +3.2000	-141.8901	    -0.023	 -0.0008	      +inf	-25.5851	 -0.6932
1779639195.568	   +0.0	  +0.0	 +1.0486	 +0.3591	    +2.920	 +0.0002	      +inf	-10.4762	 -0.1605
1779639195.668	   +0.0	  +0.0	 +0.2749	 -0.0142	   -19.393	 +0.0057	   +48.620	 -2.7521	 -0.0671
1779639195.768	   +0.0	  +0.0	 +0.0461	 -0.0268	    -1.721	 +0.0024	   +19.361	 -0.5739	 -0.0546
1779639195.868	   +0.0	  +0.0	 +0.0295	 -0.0256	    -1.154	 +0.0003	      +inf	 -0.2903	 -0.0475
1779639195.968	   +0.0	  +0.0	 +0.0062	 +0.0378	    +0.164	 -0.0021	    -3.001	 -0.0398	 -0.0298
1779639196.068	   +0.0	  +0.0	 +0.0020	 +0.0023	    +0.894	 +0.0019	    +1.092	 -0.0188	 -0.0119
1779639196.169	   +0.0	  +0.0	 +0.0005	 +0.0003	      +inf	 +0.0010	    +0.510	 -0.0013	 -0.0182
1779639196.268	   +0.0	  +0.0	 +0.0001	 +0.0000	      +inf	 +0.0034	    +0.033	 -0.0036	 -0.0138
1779639196.368	   +0.0	  +0.0	 +0.0000	 +0.0000	      +inf	 -0.0020	    -0.018	 -0.0092	 -0.0080
1779639196.469	   +0.0	  +0.0	 +0.0000	 +0.0000	      +inf	 -0.0002	      +inf	 +0.0070	 -0.0045
1779639196.568	   +0.0	  +0.0	 +0.0000	 +0.0000	      +inf	 -0.0032	    -0.001	 +0.0037	 -0.0031
1779639196.668	   +0.0	  +0.0	 +0.0000	 +0.0000	      +inf	 +0.0057	    +0.000	 +0.0044	 -0.0056
1779639196.768	   +0.0	  +0.0	 +0.0000	 +0.0000	      +inf	 -0.0041	    -0.000	 +0.0030	 +0.0040
1779639196.868	   +0.0	  +0.0	 +0.0000	 +0.0000	      +inf	 +0.0015	    +0.000	 -0.0064	 -0.0120
1779639196.968	   +0.0	  +0.0	 +0.0000	 +0.0000	      +inf	 +0.0006	      +inf	 -0.0053	 -0.0040
1779639197.069	   +0.0	  +0.0	 +0.0000	 +0.0000	      +inf	 +0.0004	      +inf	 -0.0056	 +0.0049
1779639197.168	   +0.0	  +0.0	 +0.0000	 +0.0000	      +inf	 +0.0029	    +0.000	 +0.0086	 -0.0066
1779639197.268	   +0.0	  +0.0	 +0.0000	 +0.0000	      +inf	 -0.0001	      +inf	 +0.0086	 +0.0072
1779639197.368	   +0.0	  +0.0	 +0.0000	 +0.0000	      +inf	 -0.0009	      +inf	 -0.0060	 -0.0098
1779639197.469	   +0.0	  +0.0	 +0.0000	 +0.0000	      +inf	 -0.0016	    -0.000	 +0.0047	 +0.0068
1779639197.569	   +0.0	  +0.0	 +0.0000	 +0.0000	      +inf	 +0.0000	      +inf	 -0.0026	 -0.0072
1779639197.669	   +0.0	  +0.0	 +0.0000	 +0.0000	      +inf	 -0.0013	    -0.000	 +0.0039	 +0.0019
1779639197.769	   +0.0	  +0.0	 +0.0000	 +0.0000	      +inf	 -0.0005	      +inf	 -0.0015	 -0.0065
1779639197.868	   +0.0	  +0.0	 +0.0000	 +0.0000	      +inf	 -0.0065	    -0.000	 -0.0032	 -0.0082
1779639197.969	   +0.0	  +0.0	 +0.0000	 +0.0000	      +inf	 +0.0014	    +0.000	 -0.0085	 +0.0051
1779639198.068	   +0.0	  +0.0	 +0.0000	 +0.0000	      +inf	 -0.0006	      +inf	 +0.0042	 +0.0036
1779639198.168	   +0.0	  +0.0	 +0.0000	 +0.0000	      +inf	 +0.0027	    +0.000	 -0.0083	 +0.0078
1779639198.269	   +0.0	  +0.0	 +0.0000	 +0.0000	      +inf	 -0.0009	      +inf	 +0.0009	 -0.0052
1779639198.369	   +0.0	  +0.0	 +0.0000	 +0.0000	      +inf	 +0.0041	    +0.000	 +0.0028	 +0.0011
1779639198.468	   +0.0	  +0.0	 +0.0000	 +0.0000	      +inf	 -0.0025	    -0.000	 -0.0051	 -0.0042
1779639198.568	   +0.0	  +0.0	 +0.0000	 +0.0000	      +inf	 +0.0001	      +inf	 +0.0002	 +0.0059
1779639198.668	   +0.0	  +0.0	 +0.0000	 +0.0000	      +inf	 +0.0004	      +inf	 -0.0041	 -0.0117
1779639198.769	   +0.0	  +0.0	 +0.0000	 +0.0000	      +inf	 -0.0036	    -0.000	 -0.0017	 +0.0077
1779639198.869	   +0.0	  +0.0	 +0.0000	 +0.0000	      +inf	 -0.0002	      +inf	 +0.0008	 -0.0013
1779639198.968	   +0.0	  +0.0	 +0.0000	 +0.0000	      +inf	 +0.0015	    +0.000	 +0.0097	 -0.0075
1779639199.069	 +100.0	  +0.0	 +0.0000	 +0.0000	      +inf	 -0.0040	    -0.000	 -0.0034	 -0.0024
1779639199.168	 +100.0	  +0.0	 +0.0000	 +0.0000	      +inf	 +0.0002	      +inf	 -0.0003	 +0.0015
1779639199.268	 +100.0	  +0.0	 +0.0000	 -0.0000	      +inf	 +0.0035	    +0.000	 +0.0014	 -0.0054
1779639199.369	 +100.0	  +0.0	 +0.0000	 -0.0000	      +inf	 +0.0020	    +0.000	 -0.0015	 +0.0073
1779639199.469	 +100.0	  +0.0	 +0.0000	 +0.0000	      +inf	 +0.0003	      +inf	 -0.0047	 -0.0018
1779639199.568	 +100.0	  +0.0	 +0.0000	 +0.0000	      +inf	 +0.0001	      +inf	 -0.0049	 +0.0060
1779639199.668	 +100.0	  +0.0	 +0.0000	 +0.0000	      +inf	 +0.0028	    +0.000	 -0.0101	 +0.0034
1779639199.768	 +100.0	  +0.0	 +0.0000	 -0.0000	      +inf	 -0.0017	    -0.000	 +0.0011	 +0.0049
1779639199.869	 +100.0	  +0.0	 +0.0000	 -0.0000	      +inf	 +0.0002	      +inf	 +0.0010	 +0.0056
1779639199.969	 +100.0	  +0.0	 +0.0000	 -0.0000	      +inf	 +0.0023	    +0.000	 +0.0013	 +0.0102
1779639200.068	 +100.0	  +0.0	 +0.0000	 -0.0000	      +inf	 +0.0012	    +0.000	 -0.0064	 +0.0067
1779639200.168	 +100.0	  +0.0	 +0.0000	 -0.0000	      +inf	 +0.0068	    +0.000	 +0.0025	 +0.0060
1779639200.268	 +100.0	  +0.0	 +0.0000	 -0.0000	      +inf	 -0.0041	    -0.000	 -0.0009	 +0.0017
1779639200.368	 +100.0	  +0.0	 +0.0000	 -0.0000	      +inf	 +0.0028	    +0.000	 +0.0074	 -0.0094
1779639200.468	 +100.0	  +0.0	 +0.0000	 -0.0000	      +inf	 -0.0001	      +inf	 -0.0074	 +0.0012
1779639200.569	 +100.0	  +0.0	 +0.0000	 -0.0000	      +inf	 +0.0049	    +0.000	 -0.0025	 -0.0046
1779639200.669	 +100.0	  +0.0	 +0.0000	 -0.0000	      +inf	 +0.0015	    +0.000	 +0.0073	 +0.0045
1779639200.769	 +100.0	  +0.0	 +0.0000	 -0.0000	      +inf	 -0.0003	      +inf	 +0.0063	 +0.0052
1779639200.868	 +100.0	  +0.0	 +0.0000	 -0.0000	      +inf	 -0.0004	      +inf	 -0.0061	 -0.0049
1779639200.968	 +100.0	  +0.0	 +0.0000	 -0.0000	      +inf	 -0.0044	    -0.000	 -0.0081	 -0.0076
1779639201.068	 +100.0	  +0.0	 +0.0000	 -0.0000	      +inf	 -0.0077	    -0.000	 +0.0078	 +0.0088
1779639201.169	 +100.0	  +0.0	 +0.0000	 -0.0000	      +inf	 +0.0024	    +0.000	 -0.0077	 -0.0042
1779639201.268	 +100.0	  +0.0	 +0.0000	 -0.0000	      +inf	 +0.0003	      +inf	 -0.0003	 +0.0029
1779639201.369	 +100.0	  +0.0	 +0.0000	 -0.0000	      +inf	 +0.0011	    +0.000	 +0.0090	 +0.0053
1779639201.468	 +100.0	  +0.0	 +0.0000	 -0.0000	      +inf	 -0.0005	      +inf	 -0.0080	 +0.0017
1779639201.568	 +100.0	  +0.0	 +0.0000	 -0.0000	      +inf	 +0.0017	    +0.000	 -0.0057	 +0.0001
1779639201.668	 +100.0	  +0.0	 +0.0000	 -0.0000	      +inf	 -0.0002	      +inf	 -0.0061	 -0.0102
1779639201.769	 +100.0	  +0.0	 +0.0000	 -0.0000	      +inf	 +0.0003	      +inf	 -0.0009	 +0.0047
1779639201.868	 +100.0	  +0.0	 +0.0000	 -0.0000	      +inf	 -0.0044	    -0.000	 -0.0023	 +0.0087
1779639201.969	 +100.0	  +0.0	 +0.0000	 -0.0000	      +inf	 +0.0022	    +0.000	 -0.0064	 +0.0053
1779639202.068	 +100.0	  +0.0	 +0.0000	 -0.0000	      +inf	 +0.0024	    +0.000	 -0.0049	 +0.0025
1779639202.169	 +100.0	  +0.0	 +0.0000	 -0.0000	      +inf	 +0.0001	      +inf	 -0.0084	 +0.0071
1779639202.268	 +100.0	  +0.0	 +0.0000	 -0.0000	      +inf	 -0.0005	      +inf	 +0.0008	 +0.0094
1779639202.368	 +100.0	  +0.0	 +0.0000	 -0.0000	      +inf	 +0.0016	    +0.000	 +0.0001	 -0.0014
1779639202.469	 +100.0	  +0.0	 +0.0000	 -0.0000	      +inf	 +0.0016	    +0.000	 -0.0066	 -0.0029
1779639202.568	 +100.0	  +0.0	 +0.0000	 -0.0000	      +inf	 -0.0007	      +inf	 -0.0027	 -0.0032
1779639202.668	 +100.0	  +0.0	 +0.0000	 -0.0000	      +inf	 +0.0020	    +0.000	 -0.0055	 -0.0013
1779639202.768	 +100.0	  +0.0	 +0.0000	 -0.0000	      +inf	 -0.0029	    -0.000	 +0.0072	 +0.0030
1779639202.868	 +100.0	  +0.0	 +0.0000	 -0.0000	      +inf	 -0.0015	    -0.000	 +0.0017	 -0.0034
1779639202.968	 +100.0	  +1.0	 +0.0000	 -0.0000	      +inf	 +0.0029	    +0.000	 +0.0015	 -0.0110
1779639203.068	 +100.0	  +1.0	 +0.0950	 -0.0000	      +inf	 +0.0015	   +65.245	 +1.8238	 -0.0083
1779639203.169	 +100.0	  +1.0	 +0.1719	 -0.0001	      +inf	 -0.0019	   -89.956	 +1.6463	 -0.0113
1779639203.268	 +100.0	  +2.0	 +0.3856	 -0.0001	      +inf	 +0.0020	  +193.468	 +0.5639	 -0.0276
1779639203.368	 +100.0	  +2.0	 +0.6112	 -0.0001	      +inf	 -0.0011	  -535.370	 +2.1652	 -0.0495
1779639203.468	 +100.0	  +3.0	 +0.7704	 -0.0001	      +inf	 -0.0003	      +inf	 +1.2811	 -0.0604
1779639203.569	 +100.0	  +3.0	 +0.9999	 -0.0001	      +inf	 +0.0034	  +295.483	 +2.7846	 -0.1138
1779639203.669	 +100.0	  +4.0	 +1.2047	 -0.0001	      +inf	 +0.0009	      +inf	 +1.4800	 -0.1855
1779639203.768	 +100.0	  +4.0	 +1.4206	 -0.0001	      +inf	 -0.0003	      +inf	 +2.8952	 -0.2565
1779639203.868	 +100.0	  +5.0	 +1.6199	 -0.0001	      +inf	 -0.0025	  -644.864	 +1.9003	 -0.3390
1779639203.968	 +100.0	  +5.0	 +1.7755	 -0.0001	      +inf	 +0.0017	 +1031.831	 +3.5138	 -0.4261
1779639204.068	 +100.0	  +5.0	 +2.1978	 -0.0001	      +inf	 +0.0032	  +696.112	 +1.5157	 -0.6385
1779639204.169	 +100.0	  +6.0	 +2.3216	 -0.0001	      +inf	 +0.0009	      +inf	 +0.9895	 -0.6987
1779639204.268	 +100.0	  +6.0	 +2.5866	 -0.0001	      +inf	 -0.0013	 -1922.487	 +2.2902	 -0.8333
1779639204.369	 +100.0	  +7.0	 +2.7559	 -0.0000	      +inf	 -0.0008	      +inf	 +1.2152	 -0.9795
1779639204.469	 +100.0	  +8.0	 +2.9914	 -0.0000	      +inf	 -0.0044	  -678.410	 +2.5434	 -1.1519
1779639204.569	 +100.0	  +8.0	 +3.2947	 -0.0000	      +inf	 -0.0000	      +inf	 +3.5341	 -1.3984
1779639204.668	 +100.0	  +9.0	 +3.5835	 -0.0000	      +inf	 +0.0053	  +673.738	 +2.0989	 -1.6821
1779639204.769	 +100.0	 +10.0	 +3.8737	 -0.0000	      +inf	 +0.0031	 +1236.799	 +3.4873	 -1.8928
1779639204.868	 +100.0	 +10.0	 +4.2251	 -0.0000	      +inf	 -0.0066	  -642.813	 +3.5079	 -2.3590
1779639204.968	 +100.0	 +10.0	 +4.6294	 -0.0000	      +inf	 -0.0033	 -1423.378	 +1.8702	 -2.7456
1779639205.068	 +100.0	 +10.0	 +4.8227	 -0.0000	      +inf	 -0.0041	 -1183.812	 +1.0023	 -2.9544
1779639205.168	 +100.0	 +10.0	 +4.8227	 -0.0000	      +inf	 +0.0042	 +1141.117	 +0.9074	 -3.0220
1779639205.268	 +100.0	 +10.0	 +4.9382	 -0.0000	      +inf	 +0.0038	 +1296.291	 +0.3340	 -3.1767
1779639205.368	 +100.0	 +10.0	 +4.9635	 -0.0000	      +inf	 -0.0036	 -1366.753	 +0.2069	 -3.1613
1779639205.468	 +100.0	 +10.0	 +4.9806	 -0.0000	      +inf	 +0.0028	 +1764.435	 +0.1283	 -3.2353
1779639205.569	 +100.0	 +10.0	 +4.9885	 -0.0000	      +inf	 +0.0031	 +1620.560	 +0.0781	 -3.2449
1779639205.668	 +100.0	 +10.0	 +4.9932	 -0.0000	      +inf	 +0.0046	 +1090.345	 +0.0490	 -3.2476
1779639205.769	 +100.0	 +10.0	 +4.9960	 -0.0000	      +inf	 +0.0029	 +1695.175	 +0.0554	 -3.2484
1779639205.868	 +100.0	 +10.0	 +4.9981	 -0.0000	      +inf	 +0.0046	 +1079.062	 +0.0290	 -3.2578
1779639205.968	 +100.0	 +10.0	 +4.9989	 -0.0000	      +inf	 +0.0037	 +1369.202	 +0.0387	 -3.2519
1779639206.068	 +100.0	 +10.0	 +4.9995	 -0.0000	      +inf	 -0.0042	 -1186.732	 +0.0195	 -3.2295
1779639206.168	 +100.0	 +10.0	 +4.9997	 -0.0000	      +inf	 +0.0045	 +1101.831	 +0.0234	 -3.2645
1779639206.268	 +100.0	 +10.0	 +4.9997	 -0.0000	      +inf	 +0.0045	 +1112.387	 +0.0206	 -3.2656
1779639206.368	 +100.0	 +10.0	 +4.9999	 -0.0000	      +inf	 +0.0033	 +1515.197	 +0.0266	 -3.2595
1779639206.468	 +100.0	 +10.0	 +4.9999	 -0.0000	      +inf	 -0.0046	 -1096.100	 +0.0306	 -3.2257
1779639206.568	 +100.0	 +10.0	 +5.0000	 -0.0000	      +inf	 +0.0040	 +1245.284	 +0.0168	 -3.2552
1779639206.669	 +100.0	 +10.0	 +5.0000	 -0.0000	      +inf	 -0.0037	 -1367.235	 +0.0168	 -3.2232
1779639206.769	 +100.0	 +10.0	 +5.0000	 -0.0000	      +inf	 +0.0032	 +1557.801	 +0.0330	 -3.2630
1779639206.868	 +100.0	 +10.0	 +5.0000	 -0.0000	      +inf	 -0.0041	 -1221.306	 +0.0174	 -3.2313
1779639206.969	 +100.0	 +10.0	 +5.0000	 -0.0000	      +inf	 -0.0040	 -1251.702	 +0.0340	 -3.2212
1779639207.068	 +100.0	 +10.0	 +5.0000	 -0.0000	      +inf	 -0.0042	 -1181.860	 +0.0316	 -3.2234
1779639207.168	 +100.0	 +10.0	 +5.0000	 -0.0000	      +inf	 +0.0031	 +1604.985	 +0.0295	 -3.2568
1779639207.268	 +100.0	 +10.0	 +5.0000	 -0.0000	      +inf	 +0.0028	 +1817.211	 +0.0253	 -3.2580
1779639207.368	 +100.0	 +10.0	 +5.0000	 -0.0000	      +inf	 -0.0030	 -1679.257	 +0.0176	 -3.2210
1779639207.468	 +100.0	 +10.0	 +5.0000	 -0.0000	      +inf	 +0.0032	 +1572.107	 +0.0216	 -3.2605
1779639207.569	 +100.0	 +10.0	 +5.0000	 -0.0000	      +inf	 -0.0049	 -1018.886	 +0.0174	 -3.2147
1779639207.668	 +100.0	 +10.0	 +5.0000	 -0.0000	      +inf	 +0.0042	 +1178.018	 +0.0227	 -3.2603
1779639207.769	 +100.0	 +10.0	 +5.0000	 -0.0000	      +inf	 -0.0041	 -1208.876	 +0.0216	 -3.2231
1779639207.869	 +100.0	 +10.0	 +5.0000	 -0.0000	      +inf	 +0.0032	 +1584.339	 +0.0155	 -3.2689
1779639207.969	 +100.0	 +10.0	 +5.0000	 -0.0000	      +inf	 +0.0031	 +1588.118	 +0.0240	 -3.2667
1779639208.068	 +100.0	 +10.0	 +5.0000	 -0.0000	      +inf	 +0.0040	 +1239.137	 +0.0291	 -3.2657
1779639208.168	 +100.0	 +10.0	 +5.0000	 -0.0000	      +inf	 -0.0034	 -1466.616	 +0.0231	 -3.2295
1779639208.268	 +100.0	 +10.0	 +5.0000	 -0.0000	      +inf	 -0.0043	 -1171.797	 +0.0299	 -3.2181
1779639208.368	 +100.0	 +10.0	 +5.0000	 -0.0000	      +inf	 +0.0029	 +1702.324	 +0.0345	 -3.2697
1779639212.122	 +100.0	 +10.0	 +5.0000	 -0.0000	      +inf	 +0.0041	 +1209.315	 +0.0208	 -3.2634
1779639212.168	 +100.0	 +10.0	 +5.0000	 -0.0000	      +inf	 +0.0042	 +1199.073	 +0.0236	 -3.2659
1779639212.268	 +100.0	 +10.0	 +5.0000	 -0.0000	      +inf	 +0.0038	 +1325.381	 +0.0225	 -3.2668
1779639212.369	 +100.0	 +10.0	 +5.0000	 -0.0000	      +inf	 +0.0041	 +1229.792	 +0.0230	 -3.2522
1779639212.468	 +100.0	 +10.0	 +5.0000	 -0.0000	      +inf	 +0.0029	 +1722.912	 +0.0185	 -3.2683
1779639212.568	 +100.0	 +10.0	 +5.0000	 -0.0000	      +inf	 +0.0035	 +1413.983	 +0.0318	 -3.2678
1779639212.669	 +100.0	 +10.0	 +5.0000	 -0.0000	      +inf	 -0.0038	 -1323.632	 +0.0214	 -3.2227
1779639212.768	 +100.0	 +10.0	 +5.0000	 -0.0000	      +inf	 -0.0045	 -1110.328	 +0.0280	 -3.2146
1779639212.868	 +100.0	 +10.0	 +5.0000	 -0.0000	      +inf	 -0.0048	 -1044.841	 +0.0243	 -3.2201
1779639212.968	 +100.0	 +10.0	 +5.0000	 -0.0000	      +inf	 +0.0035	 +1426.693	 +0.0256	 -3.2556
1779639213.068	 +100.0	 +10.0	 +5.0000	 -0.0000	      +inf	 +0.0037	 +1361.998	 +0.0212	 -3.2663
1779639213.169	 +100.0	 +10.0	 +5.0000	 -0.0000	      +inf	 -0.0042	 -1197.202	 +0.0184	 -3.2148
1779639213.268	 +100.0	 +10.0	 +5.0000	 -0.0000	      +inf	 -0.0040	 -1263.018	 +0.0224	 -3.2215
1779639213.368	 +100.0	 +10.0	 +5.0000	 -0.0000	      +inf	 -0.0030	 -1666.040	 +0.0322	 -3.2272
1779639213.468	 +100.0	 +10.0	 +5.0000	 -0.0000	      +inf	 +0.0040	 +1255.441	 +0.0190	 -3.2526
1779639213.568	 +100.0	 +10.0	 +5.0000	 -0.0000	      +inf	 -0.0043	 -1176.231	 +0.0239	 -3.2256
1779639213.668	 +100.0	 +10.0	 +5.0000	 -0.0000	      +inf	 -0.0029	 -1725.996	 +0.0346	 -3.2183
1779639213.768	 +100.0	 +10.0	 +5.0000	 -0.0000	      +inf	 -0.0048	 -1049.803	 +0.0321	 -3.2298
1779639213.869	 +100.0	 +10.0	 +5.0000	 -0.0000	      +inf	 +0.0037	 +1350.905	 +0.0284	 -3.2673
1779639213.969	 +100.0	 +10.0	 +5.0000	 -0.0000	      +inf	 -0.0030	 -1671.282	 +0.0269	 -3.2254
1779639214.069	 +100.0	 +10.0	 +5.0000	 -0.0000	      +inf	 +0.0044	 +1132.355	 +0.0291	 -3.2611
1779639214.168	 +100.0	 +10.0	 +5.0000	 -0.0000	      +inf	 -0.0036	 -1375.647	 +0.0304	 -3.2171
1779639214.269	 +100.0	 +10.0	 +5.0000	 -0.0000	      +inf	 +0.0046	 +1098.365	 +0.0323	 -3.2621
1779639214.369	 +100.0	 +10.0	 +5.0000	 -0.0000	      +inf	 +0.0031	 +1604.544	 +0.0228	 -3.2530
1779639214.469	 +100.0	 +10.0	 +5.0000	 -0.0000	      +inf	 +0.0030	 +1665.997	 +0.0265	 -3.2678
1779639214.568	 +100.0	 +10.0	 +5.0000	 -0.0000	      +inf	 +0.0042	 +1203.217	 +0.0267	 -3.2578
1779639214.668	 +100.0	 +10.0	 +5.0000	 -0.0000	      +inf	 -0.0030	 -1667.012	 +0.0343	 -3.2162
1779639214.768	 +100.0	 +10.0	 +5.0000	 -0.0000	      +inf	 -0.0032	 -1581.344	 +0.0307	 -3.2189
1779639214.868	 +100.0	 +10.0	 +5.0000	 -0.0000	      +inf	 +0.0038	 +1329.814	 +0.0170	 -3.2652
1779639214.969	 +100.0	 +10.0	 +5.0000	 -0.0000	      +inf	 +0.0035	 +1424.006	 +0.0234	 -3.2567
1779639215.068	 +100.0	 +10.0	 +5.0000	 -0.0000	      +inf	 +0.0036	 +1378.689	 +0.0342	 -3.2564
1779639215.169	 +100.0	 +10.0	 +5.0000	 -0.0000	      +inf	 +0.0038	 +1301.841	 +0.0326	 -3.2534
1779639215.268	 +100.0	 +10.0	 +5.0000	 -0.0000	      +inf	 +0.0040	 +1262.858	 +0.0215	 -3.2540
1779639215.368	 +100.0	 +10.0	 +5.0000	 -0.0000	      +inf	 +0.0030	 +1663.661	 +0.0297	 -3.2532
1779639215.468	 +100.0	 +10.0	 +5.0000	 -0.0000	      +inf	 -0.0048	 -1050.374	 +0.0195	 -3.2297
1779639215.568	 +100.0	 +10.0	 +5.0000	 -0.0000	      +inf	 +0.0028	 +1779.537	 +0.0259	 -3.2601
1779639215.669	 +100.0	 +10.0	 +5.0000	 -0.0000	      +inf	 -0.0047	 -1060.032	 +0.0305	 -3.2190
1779639215.768	 +100.0	 +10.0	 +5.0000	 -0.0000	      +inf	 +0.0037	 +1357.721	 +0.0248	 -3.2636
1779639215.868	 +100.0	 +10.0	 +5.0000	 -0.0000	      +inf	 -0.0040	 -1246.270	 +0.0249	 -3.2321
1779639215.968	 +100.0	 +10.0	 +5.0000	 -0.0000	      +inf	 +0.0038	 +1305.955	 +0.0183	 -3.2654
1779639216.069	 +100.0	 +10.0	 +5.0000	 -0.0000	      +inf	 -0.0046	 -1080.562	 +0.0274	 -3.2215
1779639216.168	 +100.0	 +10.0	 +5.0000	 -0.0000	      +inf	 +0.0046	 +1080.001	 +0.0171	 -3.2599
1779639216.268	 +100.0	 +10.0	 +5.0000	 -0.0000	      +inf	 +0.0035	 +1429.904	 +0.0332	 -3.2717
1779639216.369	 +100.0	 +10.0	 +5.0000	 -0.0000	      +inf	 +0.0033	 +1510.674	 +0.0255	 -3.2628
1779639216.468	 +100.0	 +10.0	 +5.0000	 -0.0000	      +inf	 +0.0039	 +1275.909	 +0.0309	 -3.2610
1779639216.568	 +100.0	 +10.0	 +5.0000	 -0.0000	      +inf	 +0.0046	 +1097.158	 +0.0285	 -3.2597
1779639216.669	 +100.0	 +10.0	 +5.0000	 -0.0000	      +inf	 +0.0028	 +1796.793	 +0.0321	 -3.2665
1779639216.768	 +100.0	 +10.0	 +5.0000	 -0.0000	      +inf	 -0.0029	 -1694.997	 +0.0270	 -3.2317
1779639216.868	 +100.0	 +10.0	 +5.0000	 -0.0000	      +inf	 -0.0031	 -1596.459	 +0.0160	 -3.2316
1779639216.968	 +100.0	 +10.0	 +5.0000	 -0.0000	      +inf	 +0.0027	 +1828.859	 +0.0170	 -3.2539
1779639217.068	 +100.0	 +10.0	 +5.0000	 -0.0000	      +inf	 -0.0048	 -1045.518	 +0.0255	 -3.2277
1779639217.168	 +100.0	 +10.0	 +5.0000	 -0.0000	      +inf	 +0.0045	 +1111.870	 +0.0249	 -3.2598
1779639217.268	 +100.0	 +10.0	 +5.0000	 -0.0000	      +inf	 +0.0046	 +1085.843	 +0.0233	 -3.2697
1779639217.368	 +100.0	 +10.0	 +5.0000	 -0.0000	      +inf	 -0.0038	 -1318.162	 +0.0157	 -3.2213
1779639217.469	 +100.0	 +10.0	 +5.0000	 -0.0000	      +inf	 -0.0036	 -1403.595	 +0.0223	 -3.2190
1779639217.568	 +100.0	 +10.0	 +5.0000	 -0.0000	      +inf	 -0.0045	 -1106.159	 +0.0255	 -3.2278
1779639217.669	 +100.0	 +10.0	 +5.0000	 -0.0000	      +inf	 +0.0035	 +1410.651	 +0.0317	 -3.2683
1779639217.768	 +100.0	 +10.0	 +5.0000	 -0.0000	      +inf	 -0.0030	 -1680.710	 +0.0316	 -3.2205
1779639217.869	 +100.0	 +10.0	 +5.0000	 -0.0000	      +inf	 +0.0029	 +1751.145	 +0.0174	 -3.2688
1779639217.969	 +100.0	 +10.0	 +5.0000	 -0.0000	      +inf	 -0.0045	 -1114.409	 +0.0171	 -3.2257
1779639218.069	 +100.0	 +10.0	 +5.0000	 -0.0000	      +inf	 -0.0033	 -1519.383	 +0.0327	 -3.2232
1779639218.168	 +100.0	 +10.0	 +5.0000	 -0.0000	      +inf	 +0.0042	 +1180.803	 +0.0233	 -3.2631
1779639218.269	 +100.0	 +10.0	 +5.0000	 -0.0000	      +inf	 +0.0039	 +1269.870	 +0.0174	 -3.2567
1779639218.368	 +100.0	 +10.0	 +5.0000	 -0.0000	      +inf	 -0.0045	 -1119.461	 +0.0297	 -3.2166
1779639218.468	 +100.0	 +10.0	 +5.0000	 -0.0000	      +inf	 +0.0030	 +1641.967	 +0.0341	 -3.2572
1779639218.568	 +100.0	 +10.0	 +5.0000	 -0.0000	      +inf	 +0.0047	 +1072.336	 +0.0244	 -3.2692
1779639218.668	 +100.0	 +10.0	 +5.0000	 -0.0000	      +inf	 +0.0042	 +1182.149	 +0.0337	 -3.2610
1779639218.768	 +100.0	 +10.0	 +5.0000	 -0.0000	      +inf	 +0.0043	 +1151.057	 +0.0162	 -3.2555
1779639218.868	 +100.0	 +10.0	 +5.0000	 -0.0000	      +inf	 +0.0036	 +1397.913	 +0.0307	 -3.2524
1779639218.968	 +100.0	 +10.0	 +5.0000	 -0.0000	      +inf	 -0.0035	 -1435.242	 +0.0214	 -3.2195
1779639219.069	 +100.0	 +10.0	 +5.0000	 -0.0000	      +inf	 +0.0046	 +1076.608	 +0.0347	 -3.2603
1779639219.169	 +100.0	 +10.0	 +5.0000	 -0.0000	      +inf	 -0.0036	 -1403.307	 +0.0309	 -3.2193
1779639219.268	 +100.0	 +10.0	 +5.0000	 -0.0000	      +inf	 -0.0033	 -1536.485	 +0.0158	 -3.2309
1779639219.368	 +100.0	 +10.0	 +5.0000	 -0.0000	      +inf	 -0.0046	 -1098.008	 +0.0261	 -3.2297
1779639219.468	 +100.0	 +10.0	 +5.0000	 -0.0000	      +inf	 +0.0040	 +1258.594	 +0.0270	 -3.2533
1779639219.568	 +100.0	 +10.0	 +5.0000	 -0.0000	      +inf	 -0.0040	 -1253.201	 +0.0314	 -3.2166
1779639219.668	 +100.0	 +10.0	 +5.0000	 -0.0000	      +inf	 -0.0049	 -1021.435	 +0.0297	 -3.2321
1779639219.769	 +100.0	 +10.0	 +5.0000	 -0.0000	      +inf	 +0.0039	 +1296.618	 +0.0309	 -3.2528
1779639219.869	 +100.0	 +10.0	 +5.0000	 -0.0000	      +inf	 +0.0027	 +1831.373	 +0.0318	 -3.2651
1779639219.969	 +100.0	 +10.0	 +5.0000	 -0.0000	      +inf	 -0.0043	 -1159.413	 +0.0168	 -3.2323
1779639220.068	 +100.0	 +10.0	 +5.0000	 -0.0000	      +inf	 +0.0039	 +1267.675	 +0.0250	 -3.2652
1779639220.169	 +100.0	 +10.0	 +5.0000	 -0.0000	      +inf	 -0.0049	 -1021.073	 +0.0173	 -3.2243
1779639220.269	 +100.0	 +10.0	 +5.0000	 -0.0000	      +inf	 +0.0042	 +1184.463	 +0.0332	 -3.2684
1779639220.368	 +100.0	 +10.0	 +5.0000	 -0.0000	      +inf	 -0.0030	 -1688.879	 +0.0186	 -3.2341
1779639220.468	 +100.0	 +10.0	 +5.0000	 -0.0000	      +inf	 -0.0035	 -1433.291	 +0.0168	 -3.2307
1779639220.569	 +100.0	 +10.0	 +5.0000	 -0.0000	      +inf	 +0.0041	 +1212.144	 +0.0165	 -3.2542
1779639220.668	 +100.0	 +10.0	 +5.0000	 -0.0000	      +inf	 -0.0036	 -1380.646	 +0.0258	 -3.2277
1779639220.768	 +100.0	 +10.0	 +5.0000	 -0.0000	      +inf	 -0.0039	 -1285.259	 +0.0334	 -3.2187
1779639220.868	 +100.0	 +10.0	 +5.0000	 -0.0000	      +inf	 +0.0028	 +1796.172	 +0.0298	 -3.2587
1779639220.968	 +100.0	 +10.0	 +5.0000	 -0.0000	      +inf	 +0.0034	 +1478.606	 +0.0261	 -3.2578
1779639221.068	 +100.0	 +10.0	 +5.0000	 -0.0000	      +inf	 -0.0048	 -1036.718	 +0.0320	 -3.2317
1779639221.169	 +100.0	 +10.0	 +5.0000	 -0.0000	      +inf	 +0.0036	 +1389.041	 +0.0215	 -3.2619
1779639221.269	 +100.0	 +10.0	 +5.0000	 -0.0000	      +inf	 -0.0040	 -1249.194	 +0.0234	 -3.2191
1779639221.368	 +100.0	 +10.0	 +5.0000	 -0.0000	      +inf	 +0.0039	 +1297.668	 +0.0183	 -3.2545
1779639221.469	 +100.0	 +10.0	 +5.0000	 -0.0000	      +inf	 -0.0035	 -1421.829	 +0.0331	 -3.2338
1779639221.568	 +100.0	 +10.0	 +5.0000	 -0.0000	      +inf	 +0.0036	 +1398.111	 +0.0299	 -3.2544
1779639221.669	 +100.0	 +10.0	 +5.0000	 -0.0000	      +inf	 +0.0039	 +1269.024	 +0.0280	 -3.2685
1779639221.768	 +100.0	 +10.0	 +5.0000	 -0.0000	      +inf	 -0.0033	 -1513.136	 +0.0231	 -3.2337
1779639221.868	 +100.0	 +10.0	 +5.0000	 -0.0000	      +inf	 -0.0047	 -1057.973	 +0.0176	 -3.2160
1779639221.969	 +100.0	 +10.0	 +5.0000	 -0.0000	      +inf	 +0.0045	 +1101.507	 +0.0280	 -3.2638
1779639222.069	 +100.0	 +10.0	 +5.0000	 -0.0000	      +inf	 -0.0047	 -1071.396	 +0.0339	 -3.2245
1779639222.168	 +100.0	 +10.0	 +5.0000	 -0.0000	      +inf	 -0.0033	 -1525.209	 +0.0176	 -3.2242
1779639222.268	 +100.0	 +10.0	 +5.0000	 -0.0000	      +inf	 +0.0046	 +1091.884	 +0.0310	 -3.2696
1779639222.369	 +100.0	 +10.0	 +5.0000	 -0.0000	      +inf	 +0.0029	 +1738.892	 +0.0171	 -3.2645
1779639222.469	 +100.0	 +10.0	 +5.0000	 -0.0000	      +inf	 +0.0036	 +1397.286	 +0.0224	 -3.2562
1779639222.569	 +100.0	 +10.0	 +5.0000	 -0.0000	      +inf	 +0.0037	 +1352.171	 +0.0349	 -3.2602
1779639222.668	 +100.0	 +10.0	 +5.0000	 -0.0000	      +inf	 +0.0038	 +1302.102	 +0.0202	 -3.2560
1779639222.768	 +100.0	 +10.0	 +5.0000	 -0.0000	      +inf	 +0.0034	 +1468.679	 +0.0218	 -3.2700
1779639222.869	 +100.0	 +10.0	 +5.0000	 -0.0000	      +inf	 +0.0041	 +1212.397	 +0.0191	 -3.2568
1779639222.968	 +100.0	 +10.0	 +5.0000	 -0.0000	      +inf	 -0.0031	 -1611.049	 +0.0216	 -3.2226
1779639223.068	 +100.0	 +10.0	 +5.0000	 -0.0000	      +inf	 +0.0036	 +1370.136	 +0.0235	 -3.2589
1779639223.169	 +100.0	 +10.0	 +5.0000	 -0.0000	      +inf	 -0.0045	 -1102.602	 +0.0204	 -3.2178
1779639223.268	 +100.0	 +10.0	 +5.0000	 -0.0000	      +inf	 +0.0042	 +1204.489	 +0.0276	 -3.2717
1779639223.368	 +100.0	 +10.0	 +5.0000	 -0.0000	      +inf	 -0.0034	 -1479.328	 +0.0221	 -3.2187
1779639223.468	 +100.0	 +10.0	 +5.0000	 -0.0000	      +inf	 +0.0036	 +1370.256	 +0.0194	 -3.2679
1779639223.569	 +100.0	 +10.0	 +5.0000	 -0.0000	      +inf	 -0.0041	 -1218.381	 +0.0172	 -3.2239
1779639223.668	 +100.0	 +10.0	 +5.0000	 -0.0000	      +inf	 -0.0034	 -1479.718	 +0.0345	 -3.2280
1779639223.768	 +100.0	 +10.0	 +5.0000	 -0.0000	      +inf	 +0.0040	 +1247.914	 +0.0219	 -3.2601
1779639223.868	 +100.0	 +10.0	 +5.0000	 -0.0000	      +inf	 +0.0038	 +1328.794	 +0.0166	 -3.2579
1779639223.968	 +100.0	 +10.0	 +5.0000	 -0.0000	      +inf	 -0.0038	 -1309.548	 +0.0212	 -3.2150
1779639224.069	 +100.0	 +10.0	 +5.0000	 -0.0000	      +inf	 +0.0046	 +1089.123	 +0.0208	 -3.2716
1779639224.169	 +100.0	 +10.0	 +5.0000	 -0.0000	      +inf	 -0.0036	 -1392.422	 +0.0280	 -3.2320
1779639224.268	 +100.0	 +10.0	 +5.0000	 -0.0000	      +inf	 +0.0045	 +1100.306	 +0.0257	 -3.2687
1779639224.368	 +100.0	 +10.0	 +5.0000	 -0.0000	      +inf	 -0.0036	 -1388.529	 +0.0239	 -3.2340
1779639224.468	 +100.0	 +10.0	 +5.0000	 -0.0000	      +inf	 +0.0038	 +1304.086	 +0.0153	 -3.2540
1779639224.569	 +100.0	 +10.0	 +5.0000	 -0.0000	      +inf	 -0.0033	 -1513.096	 +0.0284	 -3.2174
1779639224.669	 +100.0	 +10.0	 +5.0000	 -0.0000	      +inf	 +0.0036	 +1400.864	 +0.0289	 -3.2645
1779639224.768	 +100.0	 +10.0	 +5.0000	 -0.0000	      +inf	 +0.0032	 +1566.161	 +0.0151	 -3.2667
1779639224.868	 +100.0	 +10.0	 +5.0000	 -0.0000	      +inf	 -0.0032	 -1548.476	 +0.0293	 -3.2194
1779639224.969	 +100.0	 +10.0	 +5.0000	 -0.0000	      +inf	 +0.0030	 +1643.498	 +0.0207	 -3.2562
1779639225.068	 +100.0	 +10.0	 +5.0000	 -0.0000	      +inf	 -0.0041	 -1221.161	 +0.0326	 -3.2284
1779639225.168	 +100.0	 +10.0	 +5.0000	 -0.0000	      +inf	 -0.0046	 -1090.814	 +0.0268	 -3.2203
1779639225.268	 +100.0	 +10.0	 +5.0000	 -0.0000	      +inf	 +0.0037	 +1361.460	 +0.0333	 -3.2710
1779639225.368	 +100.0	 +10.0	 +5.0000	 -0.0000	      +inf	 -0.0030	 -1694.485	 +0.0239	 -3.2335
1779639225.468	 +100.0	 +10.0	 +5.0000	 -0.0000	      +inf	 -0.0032	 -1555.398	 +0.0261	 -3.2261
1779639225.568	 +100.0	 +10.0	 +5.0000	 -0.0000	      +inf	 +0.0036	 +1393.105	 +0.0333	 -3.2608
1779639225.669	 +100.0	 +10.0	 +5.0000	 -0.0000	      +inf	 -0.0029	 -1698.620	 +0.0264	 -3.2154
1779639225.769	 +100.0	 +10.0	 +5.0000	 -0.0000	      +inf	 -0.0035	 -1420.912	 +0.0173	 -3.2195
1779639225.868	 +100.0	 +10.0	 +5.0000	 -0.0000	      +inf	 -0.0046	 -1076.388	 +0.0229	 -3.2258
1779639225.969	 +100.0	 +10.0	 +5.0000	 -0.0000	      +inf	 +0.0047	 +1067.542	 +0.0307	 -3.2521
1779639226.069	 +100.0	 +10.0	 +5.0000	 -0.0000	      +inf	 -0.0031	 -1610.893	 +0.0225	 -3.2310
1779639226.168	 +100.0	 +10.0	 +5.0000	 -0.0000	      +inf	 -0.0032	 -1542.852	 +0.0160	 -3.2143
1779639226.268	 +100.0	 +10.0	 +5.0000	 -0.0000	      +inf	 +0.0040	 +1242.905	 +0.0270	 -3.2698
1779639226.368	 +100.0	 +10.0	 +5.0000	 -0.0000	      +inf	 +0.0036	 +1383.102	 +0.0183	 -3.2606
1779639226.468	 +100.0	 +10.0	 +5.0000	 -0.0000	      +inf	 -0.0031	 -1588.466	 +0.0274	 -3.2191
1779639226.569	 +100.0	 +10.0	 +5.0000	 -0.0000	      +inf	 -0.0039	 -1266.021	 +0.0214	 -3.2295
1779639226.669	 +100.0	 +10.0	 +5.0000	 -0.0000	      +inf	 +0.0043	 +1165.328	 +0.0199	 -3.2611
1779639226.768	 +100.0	 +10.0	 +5.0000	 -0.0000	      +inf	 -0.0044	 -1129.442	 +0.0304	 -3.2319
1779639226.868	 +100.0	 +10.0	 +5.0000	 -0.0000	      +inf	 -0.0039	 -1288.365	 +0.0166	 -3.2185
1779639226.968	 +100.0	 +10.0	 +5.0000	 -0.0000	      +inf	 +0.0044	 +1123.823	 +0.0209	 -3.2668
1779639227.069	 +100.0	 +10.0	 +5.0000	 -0.0000	      +inf	 -0.0039	 -1270.415	 +0.0186	 -3.2322
1779639227.169	 +100.0	 +10.0	 +5.0000	 -0.0000	      +inf	 -0.0033	 -1534.589	 +0.0226	 -3.2175
1779639227.268	 +100.0	 +10.0	 +5.0000	 -0.0000	      +inf	 +0.0039	 +1266.888	 +0.0269	 -3.2627
1779639227.369	 +100.0	 +10.0	 +5.0000	 -0.0000	      +inf	 -0.0044	 -1146.496	 +0.0198	 -3.2228
1779639227.468	 +100.0	 +10.0	 +5.0000	 -0.0000	      +inf	 +0.0027	 +1851.268	 +0.0159	 -3.2603
1779639227.569	 +100.0	 +10.0	 +5.0000	 -0.0000	      +inf	 -0.0046	 -1081.312	 +0.0241	 -3.2148
1779639227.669	 +100.0	 +10.0	 +5.0000	 -0.0000	      +inf	 +0.0040	 +1248.056	 +0.0168	 -3.2646
1779639227.768	 +100.0	 +10.0	 +5.0000	 -0.0000	      +inf	 -0.0034	 -1456.596	 +0.0303	 -3.2309
1779639227.868	 +100.0	 +10.0	 +5.0000	 -0.0000	      +inf	 -0.0043	 -1150.302	 +0.0192	 -3.2156
1779639227.968	 +100.0	 +10.0	 +5.0000	 -0.0000	      +inf	 -0.0048	 -1033.581	 +0.0150	 -3.2189
1779639228.069	 +100.0	 +10.0	 +5.0000	 -0.0000	      +inf	 -0.0034	 -1475.396	 +0.0264	 -3.2160
1779639228.169	 +100.0	 +10.0	 +5.0000	 -0.0000	      +inf	 -0.0030	 -1647.957	 +0.0151	 -3.2156
1779639228.268	 +100.0	 +10.0	 +5.0000	 -0.0000	      +inf	 -0.0038	 -1330.097	 +0.0219	 -3.2288
1779639228.369	 +100.0	 +10.0	 +5.0000	 -0.0000	      +inf	 +0.0037	 +1360.546	 +0.0259	 -3.2526
1779639228.468	 +100.0	 +10.0	 +5.0000	 -0.0000	      +inf	 -0.0040	 -1262.107	 +0.0178	 -3.2328
1779639228.568	 +100.0	 +10.0	 +5.0000	 -0.0000	      +inf	 +0.0035	 +1441.745	 +0.0292	 -3.2525
1779639228.668	 +100.0	 +10.0	 +5.0000	 -0.0000	      +inf	 -0.0036	 -1378.296	 +0.0216	 -3.2211
1779639228.769	 +100.0	 +10.0	 +5.0000	 -0.0000	      +inf	 -0.0030	 -1672.804	 +0.0213	 -3.2206
1779639228.868	 +100.0	 +10.0	 +5.0000	 -0.0000	      +inf	 -0.0035	 -1428.190	 +0.0202	 -3.2147
1779639228.969	 +100.0	 +10.0	 +5.0000	 -0.0000	      +inf	 +0.0044	 +1145.477	 +0.0179	 -3.2537
1779639229.068	 +100.0	 +10.0	 +5.0000	 -0.0000	      +inf	 -0.0039	 -1276.236	 +0.0300	 -3.2282
1779639229.168	 +100.0	 +10.0	 +5.0000	 -0.0000	      +inf	 +0.0030	 +1685.095	 +0.0164	 -3.2701
1779639229.269	 +100.0	 +10.0	 +5.0000	 -0.0000	      +inf	 -0.0045	 -1117.153	 +0.0327	 -3.2220
1779639229.369	 +100.0	 +10.0	 +5.0000	 -0.0000	      +inf	 +0.0030	 +1660.579	 +0.0198	 -3.2641
1779639229.468	 +100.0	 +10.0	 +5.0000	 -0.0000	      +inf	 -0.0033	 -1497.818	 +0.0322	 -3.2145
1779639229.568	 +100.0	 +10.0	 +5.0000	 -0.0000	      +inf	 +0.0028	 +1773.643	 +0.0265	 -3.2640
1779639229.668	 +100.0	 +10.0	 +5.0000	 -0.0000	      +inf	 -0.0035	 -1444.846	 +0.0193	 -3.2232
1779639229.769	 +100.0	 +10.0	 +5.0000	 -0.0000	      +inf	 -0.0042	 -1186.627	 +0.0172	 -3.2170
1779639229.868	 +100.0	 +10.0	 +5.0000	 -0.0000	      +inf	 +0.0036	 +1378.919	 +0.0241	 -3.2694
1779639229.968	 +100.0	 +10.0	 +5.0000	 -0.0000	      +inf	 +0.0041	 +1217.532	 +0.0309	 -3.2711
1779639230.068	 +100.0	 +10.0	 +5.0000	 -0.0000	      +inf	 +0.0035	 +1428.104	 +0.0159	 -3.2682
1779639230.168	 +100.0	 +10.0	 +5.0000	 -0.0000	      +inf	 -0.0036	 -1382.325	 +0.0269	 -3.2303
1779639230.268	 +100.0	 +10.0	 +5.0000	 -0.0000	      +inf	 +0.0028	 +1767.829	 +0.0193	 -3.2650
1779639230.369	 +100.0	 +10.0	 +5.0000	 -0.0000	      +inf	 -0.0048	 -1038.192	 +0.0322	 -3.2262
1779639230.468	 +100.0	 +10.0	 +5.0000	 -0.0000	      +inf	 +0.0032	 +1554.002	 +0.0285	 -3.2683
1779639230.569	 +100.0	 +10.0	 +5.0000	 -0.0000	      +inf	 -0.0042	 -1176.989	 +0.0190	 -3.2148
1779639230.669	 +100.0	 +10.0	 +5.0000	 -0.0000	      +inf	 +0.0028	 +1817.576	 +0.0224	 -3.2673
1779639230.769	 +100.0	 +10.0	 +5.0000	 -0.0000	      +inf	 -0.0031	 -1632.509	 +0.0282	 -3.2161
1779639230.868	 +100.0	 +10.0	 +5.0000	 -0.0000	      +inf	 +0.0039	 +1279.268	 +0.0308	 -3.2672
1779639230.968	 +100.0	 +10.0	 +5.0000	 -0.0000	      +inf	 +0.0027	 +1838.874	 +0.0237	 -3.2562
1779639231.068	 +100.0	 +10.0	 +5.0000	 -0.0000	      +inf	 +0.0045	 +1113.369	 +0.0300	 -3.2584
1779639231.168	 +100.0	 +10.0	 +5.0000	 -0.0000	      +inf	 +0.0032	 +1574.407	 +0.0309	 -3.2609
1779639231.269	 +100.0	 +10.0	 +5.0000	 -0.0000	      +inf	 +0.0029	 +1726.577	 +0.0177	 -3.2533
1779639231.368	 +100.0	 +10.0	 +5.0000	 -0.0000	      +inf	 -0.0040	 -1252.031	 +0.0225	 -3.2317
1779639231.468	 +100.0	 +10.0	 +5.0000	 -0.0000	      +inf	 +0.0030	 +1654.722	 +0.0244	 -3.2544
1779639231.568	 +100.0	 +10.0	 +5.0000	 -0.0000	      +inf	 +0.0043	 +1167.236	 +0.0317	 -3.2525
1779639231.668	 +100.0	 +10.0	 +5.0000	 -0.0000	      +inf	 +0.0040	 +1250.498	 +0.0240	 -3.2673
1779639231.769	 +100.0	 +10.0	 +5.0000	 -0.0000	      +inf	 -0.0037	 -1349.356	 +0.0151	 -3.2345
1779639231.869	 +100.0	 +10.0	 +5.0000	 -0.0000	      +inf	 +0.0032	 +1571.108	 +0.0188	 -3.2650
1779639231.969	 +100.0	 +10.0	 +5.0000	 -0.0000	      +inf	 -0.0036	 -1393.275	 +0.0263	 -3.2287
1779639232.069	 +100.0	 +10.0	 +5.0000	 -0.0000	      +inf	 -0.0037	 -1353.765	 +0.0294	 -3.2220
1779639232.168	 +100.0	 +10.0	 +5.0000	 -0.0000	      +inf	 +0.0041	 +1217.506	 +0.0321	 -3.2608
1779639232.268	 +100.0	 +10.0	 +5.0000	 -0.0000	      +inf	 -0.0040	 -1240.066	 +0.0275	 -3.2179
1779639232.369	 +100.0	 +10.0	 +5.0000	 -0.0000	      +inf	 +0.0038	 +1304.643	 +0.0272	 -3.2686
1779639232.468	 +100.0	 +10.0	 +5.0000	 -0.0000	      +inf	 -0.0046	 -1077.623	 +0.0284	 -3.2323
1779639232.568	 +100.0	 +10.0	 +5.0000	 -0.0000	      +inf	 +0.0036	 +1390.425	 +0.0339	 -3.2640
1779639232.669	 +100.0	 +10.0	 +5.0000	 -0.0000	      +inf	 +0.0030	 +1668.694	 +0.0336	 -3.2630
1779639232.768	 +100.0	 +10.0	 +5.0000	 -0.0000	      +inf	 -0.0046	 -1082.438	 +0.0333	 -3.2256
1779639232.868	 +100.0	 +10.0	 +5.0000	 -0.0000	      +inf	 -0.0030	 -1683.828	 +0.0308	 -3.2245
1779639232.968	 +100.0	 +10.0	 +5.0000	 -0.0000	      +inf	 -0.0044	 -1149.167	 +0.0259	 -3.2338
1779639233.068	 +100.0	 +10.0	 +5.0000	 -0.0000	      +inf	 -0.0039	 -1269.335	 +0.0267	 -3.2318
1779639233.168	 +100.0	 +10.0	 +5.0000	 -0.0000	      +inf	 +0.0029	 +1724.873	 +0.0240	 -3.2717
1779639233.268	 +100.0	 +10.0	 +5.0000	 -0.0000	      +inf	 -0.0036	 -1395.499	 +0.0157	 -3.2226
1779639233.368	 +100.0	 +10.0	 +5.0000	 -0.0000	      +inf	 -0.0038	 -1298.839	 +0.0284	 -3.2158
1779639233.468	 +100.0	 +10.0	 +5.0000	 -0.0000	      +inf	 -0.0031	 -1619.942	 +0.0197	 -3.2300
1779639233.569	 +100.0	 +10.0	 +5.0000	 -0.0000	      +inf	 +0.0044	 +1138.572	 +0.0229	 -3.2712
1779639233.668	 +100.0	 +10.0	 +5.0000	 -0.0000	      +inf	 +0.0039	 +1294.515	 +0.0338	 -3.2563
1779639233.768	 +100.0	 +10.0	 +5.0000	 -0.0000	      +inf	 +0.0043	 +1156.429	 +0.0209	 -3.2599
1779639233.868	 +100.0	 +10.0	 +5.0000	 -0.0000	      +inf	 -0.0047	 -1054.835	 +0.0339	 -3.2261
1779639233.968	 +100.0	 +10.0	 +5.0000	 -0.0000	      +inf	 -0.0030	 -1671.877	 +0.0275	 -3.2193
1779639234.068	 +100.0	 +10.0	 +5.0000	 -0.0000	      +inf	 +0.0046	 +1082.751	 +0.0163	 -3.2623
1779639234.168	 +100.0	 +10.0	 +5.0000	 -0.0000	      +inf	 +0.0042	 +1198.447	 +0.0177	 -3.2553
1779639234.269	 +100.0	 +10.0	 +5.0000	 -0.0000	      +inf	 +0.0041	 +1212.081	 +0.0291	 -3.2561
1779639234.368	 +100.0	 +10.0	 +5.0000	 -0.0000	      +inf	 -0.0042	 -1204.479	 +0.0274	 -3.2272
1779639234.468	 +100.0	 +10.0	 +5.0000	 -0.0000	      +inf	 -0.0042	 -1181.371	 +0.0149	 -3.2265
1779639234.568	 +100.0	 +10.0	 +5.0000	 -0.0000	      +inf	 +0.0043	 +1168.957	 +0.0313	 -3.2613
1779639234.669	 +100.0	 +10.0	 +5.0000	 -0.0000	      +inf	 +0.0037	 +1367.224	 +0.0244	 -3.2671
1779639234.768	 +100.0	 +10.0	 +5.0000	 -0.0000	      +inf	 +0.0035	 +1440.455	 +0.0177	 -3.2595
1779639234.868	 +100.0	 +10.0	 +5.0000	 -0.0000	      +inf	 -0.0043	 -1160.160	 +0.0228	 -3.2163
1779639234.968	 +100.0	 +10.0	 +5.0000	 -0.0000	      +inf	 +0.0037	 +1349.084	 +0.0157	 -3.2623
1779639235.068	 +100.0	 +10.0	 +5.0000	 -0.0000	      +inf	 +0.0032	 +1549.244	 +0.0349	 -3.2676
1779639235.168	 +100.0	 +10.0	 +5.0000	 -0.0000	      +inf	 -0.0029	 -1697.686	 +0.0173	 -3.2254
1779639235.268	 +100.0	 +10.0	 +5.0000	 -0.0000	      +inf	 -0.0047	 -1069.497	 +0.0199	 -3.2214
1779639235.369	 +100.0	 +10.0	 +5.0000	 -0.0000	      +inf	 -0.0031	 -1628.467	 +0.0235	 -3.2311
1779639235.468	 +100.0	 +10.0	 +5.0000	 -0.0000	      +inf	 +0.0037	 +1349.261	 +0.0224	 -3.2562
1779639235.568	 +100.0	 +10.0	 +5.0000	 -0.0000	      +inf	 +0.0045	 +1121.215	 +0.0318	 -3.2549
1779639235.668	 +100.0	 +10.0	 +5.0000	 -0.0000	      +inf	 +0.0040	 +1245.901	 +0.0223	 -3.2562
1779639235.769	 +100.0	 +10.0	 +5.0000	 -0.0000	      +inf	 +0.0036	 +1400.116	 +0.0336	 -3.2631
1779639235.868	 +100.0	 +10.0	 +5.0000	 -0.0000	      +inf	 +0.0044	 +1134.419	 +0.0334	 -3.2708
1779639235.968	 +100.0	 +10.0	 +5.0000	 -0.0000	      +inf	 +0.0029	 +1698.430	 +0.0344	 -3.2699
1779639236.068	 +100.0	 +10.0	 +5.0000	 -0.0000	      +inf	 -0.0044	 -1145.680	 +0.0306	 -3.2185
1779639236.168	 +100.0	 +10.0	 +5.0000	 -0.0000	      +inf	 -0.0035	 -1439.097	 +0.0340	 -3.2325
1779639236.268	 +100.0	 +10.0	 +5.0000	 -0.0000	      +inf	 +0.0034	 +1474.371	 +0.0192	 -3.2584
1779639236.369	 +100.0	 +10.0	 +5.0000	 -0.0000	      +inf	 -0.0037	 -1334.691	 +0.0190	 -3.2334
1779639236.469	 +100.0	 +10.0	 +5.0000	 -0.0000	      +inf	 +0.0040	 +1241.270	 +0.0182	 -3.2668
1779639236.569	 +100.0	 +10.0	 +5.0000	 -0.0000	      +inf	 -0.0038	 -1305.227	 +0.0218	 -3.2208
1779639236.668	 +100.0	 +10.0	 +5.0000	 -0.0000	      +inf	 -0.0031	 -1633.483	 +0.0252	 -3.2252
1779639236.769	 +100.0	 +10.0	 +5.0000	 -0.0000	      +inf	 +0.0039	 +1290.541	 +0.0271	 -3.2577
1779639236.868	 +100.0	 +10.0	 +5.0000	 -0.0000	      +inf	 -0.0034	 -1456.906	 +0.0337	 -3.2143
1779639236.968	 +100.0	 +10.0	 +5.0000	 -0.0000	      +inf	 -0.0041	 -1226.406	 +0.0267	 -3.2209
1779639237.068	 +100.0	 +10.0	 +5.0000	 -0.0000	      +inf	 +0.0028	 +1792.998	 +0.0264	 -3.2651
1779639237.168	 +100.0	 +10.0	 +5.0000	 -0.0000	      +inf	 -0.0033	 -1507.915	 +0.0344	 -3.2176
1779639237.268	 +100.0	 +10.0	 +5.0000	 -0.0000	      +inf	 -0.0042	 -1203.614	 +0.0260	 -3.2258
1779639237.369	 +100.0	 +10.0	 +5.0000	 -0.0000	      +inf	 +0.0043	 +1151.511	 +0.0323	 -3.2594
1779639237.468	 +100.0	 +10.0	 +5.0000	 -0.0000	      +inf	 -0.0036	 -1388.005	 +0.0312	 -3.2298
1779639237.568	 +100.0	 +10.0	 +5.0000	 -0.0000	      +inf	 +0.0036	 +1392.449	 +0.0247	 -3.2706
1779639237.668	 +100.0	 +10.0	 +5.0000	 -0.0000	      +inf	 -0.0037	 -1358.865	 +0.0189	 -3.2312
1779639237.768	 +100.0	 +10.0	 +5.0000	 -0.0000	      +inf	 +0.0029	 +1719.315	 +0.0203	 -3.2669
1779639237.869	 +100.0	 +10.0	 +5.0000	 -0.0000	      +inf	 +0.0030	 +1665.259	 +0.0300	 -3.2656
1779639237.969	 +100.0	 +10.0	 +5.0000	 -0.0000	      +inf	 -0.0037	 -1350.253	 +0.0244	 -3.2274
1779639238.068	 +100.0	 +10.0	 +5.0000	 -0.0000	      +inf	 -0.0040	 -1236.087	 +0.0341	 -3.2234
1779639238.168	 +100.0	 +10.0	 +5.0000	 -0.0000	      +inf	 +0.0031	 +1637.316	 +0.0274	 -3.2605
1779639238.269	 +100.0	 +10.0	 +5.0000	 -0.0000	      +inf	 -0.0041	 -1205.528	 +0.0323	 -3.2208
1779639238.369	 +100.0	 +10.0	 +5.0000	 -0.0000	      +inf	 +0.0032	 +1547.099	 +0.0252	 -3.2635
1779639238.469	 +100.0	 +10.0	 +5.0000	 -0.0000	      +inf	 -0.0049	 -1021.957	 +0.0211	 -3.2230
1779639238.569	 +100.0	 +10.0	 +5.0000	 -0.0000	      +inf	 -0.0038	 -1327.259	 +0.0269	 -3.2296
1779639238.668	 +100.0	 +10.0	 +5.0000	 -0.0000	      +inf	 +0.0033	 +1537.549	 +0.0199	 -3.2626
1779639238.768	 +100.0	 +10.0	 +5.0000	 -0.0000	      +inf	 +0.0030	 +1684.400	 +0.0234	 -3.2570
1779639238.868	 +100.0	 +10.0	 +5.0000	 -0.0000	      +inf	 +0.0031	 +1599.126	 +0.0236	 -3.2540
1779639238.968	 +100.0	 +10.0	 +5.0000	 -0.0000	      +inf	 +0.0029	 +1706.327	 +0.0179	 -3.2578
1779639239.068	 +100.0	 +10.0	 +5.0000	 -0.0000	      +inf	 +0.0040	 +1259.359	 +0.0201	 -3.2551
1779639239.168	 +100.0	 +10.0	 +5.0000	 -0.0000	      +inf	 +0.0037	 +1347.982	 +0.0204	 -3.2625
1779639239.268	 +100.0	 +10.0	 +5.0000	 -0.0000	      +inf	 -0.0032	 -1569.849	 +0.0297	 -3.2262
1779639239.368	 +100.0	 +10.0	 +5.0000	 -0.0000	      +inf	 +0.0032	 +1559.952	 +0.0170	 -3.2581
1779639239.468	 +100.0	 +10.0	 +5.0000	 -0.0000	      +inf	 +0.0029	 +1737.011	 +0.0218	 -3.2694
1779639239.569	 +100.0	 +10.0	 +5.0000	 -0.0000	      +inf	 +0.0046	 +1096.235	 +0.0206	 -3.2617
1779639239.668	 +100.0	 +10.0	 +5.0000	 -0.0000	      +inf	 +0.0031	 +1629.215	 +0.0284	 -3.2608
1779639239.768	 +100.0	 +10.0	 +5.0000	 -0.0000	      +inf	 -0.0031	 -1614.293	 +0.0160	 -3.2209
1779639239.869	 +100.0	 +10.0	 +5.0000	 -0.0000	      +inf	 -0.0040	 -1256.480	 +0.0311	 -3.2154
1779639239.968	 +100.0	 +10.0	 +5.0000	 -0.0000	      +inf	 +0.0037	 +1339.196	 +0.0294	 -3.2676
1779639240.068	 +100.0	 +10.0	 +5.0000	 -0.0000	      +inf	 +0.0047	 +1075.033	 +0.0339	 -3.2642
1779639240.169	 +100.0	 +10.0	 +5.0000	 -0.0000	      +inf	 -0.0030	 -1679.014	 +0.0341	 -3.2201
1779639240.269	 +100.0	 +10.0	 +5.0000	 -0.0000	      +inf	 +0.0046	 +1095.959	 +0.0204	 -3.2570
1779639240.368	 +100.0	 +10.0	 +5.0000	 -0.0000	      +inf	 +0.0038	 +1305.681	 +0.0167	 -3.2706
1779639240.468	 +100.0	 +10.0	 +5.0000	 -0.0000	      +inf	 +0.0045	 +1116.954	 +0.0268	 -3.2671
1779639240.569	 +100.0	 +10.0	 +5.0000	 -0.0000	      +inf	 -0.0038	 -1327.021	 +0.0341	 -3.2319
1779639240.668	 +100.0	 +10.0	 +5.0000	 -0.0000	      +inf	 -0.0044	 -1126.384	 +0.0331	 -3.2278
1779639240.769	 +100.0	 +10.0	 +5.0000	 -0.0000	      +inf	 -0.0033	 -1519.653	 +0.0171	 -3.2193
1779639240.868	 +100.0	 +10.0	 +5.0000	 -0.0000	      +inf	 -0.0029	 -1700.331	 +0.0248	 -3.2247
1779639240.969	 +100.0	 +10.0	 +5.0000	 -0.0000	      +inf	 -0.0035	 -1440.083	 +0.0209	 -3.2211
1779639241.068	 +100.0	 +10.0	 +5.0000	 -0.0000	      +inf	 -0.0047	 -1056.524	 +0.0302	 -3.2165
1779639241.168	 +100.0	 +10.0	 +5.0000	 -0.0000	      +inf	 +0.0029	 +1746.574	 +0.0151	 -3.2589
1779639241.268	 +100.0	 +10.0	 +5.0000	 -0.0000	      +inf	 -0.0037	 -1347.332	 +0.0165	 -3.2309
1779639241.369	 +100.0	 +10.0	 +5.0000	 -0.0000	      +inf	 +0.0029	 +1749.465	 +0.0199	 -3.2694
1779639241.468	 +100.0	 +10.0	 +5.0000	 -0.0000	      +inf	 -0.0032	 -1559.715	 +0.0312	 -3.2330
1779639241.569	 +100.0	 +10.0	 +5.0000	 -0.0000	      +inf	 +0.0040	 +1261.548	 +0.0246	 -3.2607
1779639241.668	 +100.0	 +10.0	 +5.0000	 -0.0000	      +inf	 +0.0031	 +1617.325	 +0.0284	 -3.2682
1779639241.768	 +100.0	 +10.0	 +5.0000	 -0.0000	      +inf	 -0.0039	 -1266.352	 +0.0285	 -3.2209
1779639241.869	 +100.0	 +10.0	 +5.0000	 -0.0000	      +inf	 +0.0032	 +1576.808	 +0.0227	 -3.2564
1779639241.968	 +100.0	 +10.0	 +5.0000	 -0.0000	      +inf	 -0.0043	 -1171.221	 +0.0304	 -3.2230
1779639242.068	 +100.0	 +10.0	 +5.0000	 -0.0000	      +inf	 -0.0048	 -1048.226	 +0.0301	 -3.2210
1779639242.169	 +100.0	 +10.0	 +5.0000	 -0.0000	      +inf	 +0.0035	 +1410.664	 +0.0332	 -3.2540
1779639242.268	 +100.0	 +10.0	 +5.0000	 -0.0000	      +inf	 -0.0041	 -1226.260	 +0.0277	 -3.2321
1779639242.369	 +100.0	 +10.0	 +5.0000	 -0.0000	      +inf	 +0.0035	 +1442.092	 +0.0254	 -3.2644
1779639242.469	 +100.0	 +10.0	 +5.0000	 -0.0000	      +inf	 -0.0044	 -1135.752	 +0.0241	 -3.2313
1779639242.568	 +100.0	 +10.0	 +5.0000	 -0.0000	      +inf	 -0.0049	 -1019.851	 +0.0161	 -3.2170
1779639242.668	 +100.0	 +10.0	 +5.0000	 -0.0000	      +inf	 -0.0029	 -1701.435	 +0.0249	 -3.2205
1779639242.768	 +100.0	 +10.0	 +5.0000	 -0.0000	      +inf	 +0.0033	 +1518.250	 +0.0247	 -3.2629
1779639242.869	 +100.0	 +10.0	 +5.0000	 -0.0000	      +inf	 -0.0031	 -1611.452	 +0.0217	 -3.2233
1779639242.969	 +100.0	 +10.0	 +5.0000	 -0.0000	      +inf	 -0.0044	 -1133.257	 +0.0172	 -3.2260
1779639243.068	 +100.0	 +10.0	 +5.0000	 -0.0000	      +inf	 +0.0035	 +1425.886	 +0.0343	 -3.2544
1779639243.168	 +100.0	 +10.0	 +5.0000	 -0.0000	      +inf	 +0.0045	 +1110.968	 +0.0231	 -3.2547
1779639243.268	 +100.0	 +10.0	 +5.0000	 -0.0000	      +inf	 -0.0037	 -1341.225	 +0.0186	 -3.2232
1779639243.369	 +100.0	 +10.0	 +5.0000	 -0.0000	      +inf	 +0.0040	 +1263.424	 +0.0276	 -3.2660
1779639243.468	 +100.0	 +10.0	 +5.0000	 -0.0000	      +inf	 -0.0033	 -1521.304	 +0.0208	 -3.2198
1779639243.568	 +100.0	 +10.0	 +5.0000	 -0.0000	      +inf	 +0.0042	 +1200.427	 +0.0319	 -3.2596
1779639243.668	 +100.0	 +10.0	 +5.0000	 -0.0000	      +inf	 +0.0046	 +1082.942	 +0.0285	 -3.2545
1779639243.768	 +100.0	 +10.0	 +5.0000	 -0.0000	      +inf	 -0.0044	 -1142.753	 +0.0301	 -3.2182
1779639243.868	 +100.0	 +10.0	 +5.0000	 -0.0000	      +inf	 +0.0033	 +1515.216	 +0.0176	 -3.2569
1779639243.968	 +100.0	 +10.0	 +5.0000	 -0.0000	      +inf	 +0.0030	 +1690.245	 +0.0342	 -3.2537
1779639244.068	 +100.0	 +10.0	 +5.0000	 -0.0000	      +inf	 +0.0041	 +1225.138	 +0.0196	 -3.2700
1779639244.168	 +100.0	 +10.0	 +5.0000	 -0.0000	      +inf	 -0.0041	 -1228.474	 +0.0231	 -3.2162
1779639244.269	 +100.0	 +10.0	 +5.0000	 -0.0000	      +inf	 +0.0032	 +1577.629	 +0.0185	 -3.2541
1779639244.369	 +100.0	 +10.0	 +5.0000	 -0.0000	      +inf	 -0.0042	 -1187.393	 +0.0290	 -3.2274
1779639244.468	 +100.0	 +10.0	 +5.0000	 -0.0000	      +inf	 -0.0034	 -1467.637	 +0.0291	 -3.2179
1779639244.569	 +100.0	 +10.0	 +5.0000	 -0.0000	      +inf	 +0.0044	 +1125.841	 +0.0293	 -3.2523
1779639248.241	 +100.0	 +10.0	 +5.0000	 -0.0000	      +inf	 -0.0042	 -1193.362	 +0.0169	 -3.2317
1779639248.269	 +100.0	 +10.0	 +5.0000	 -0.0000	      +inf	 +0.0046	 +1087.926	 +0.0291	 -3.2718
1779639248.368	 +100.0	 +10.0	 +5.0000	 -0.0000	      +inf	 -0.0034	 -1452.396	 +0.0274	 -3.2242
1779639248.469	 +100.0	 +10.0	 +5.0000	 -0.0000	      +inf	 +0.0039	 +1270.809	 +0.0193	 -3.2679
1779639248.568	 +100.0	 +10.0	 +5.0000	 -0.0000	      +inf	 -0.0045	 -1118.515	 +0.0236	 -3.2177
1779639248.669	 +100.0	 +10.0	 +5.0000	 -0.0000	      +inf	 +0.0031	 +1598.862	 +0.0349	 -3.2547
1779639248.769	 +100.0	 +10.0	 +5.0000	 -0.0000	      +inf	 -0.0035	 -1443.391	 +0.0238	 -3.2275
1779639248.868	 +100.0	 +10.0	 +5.0000	 -0.0000	      +inf	 +0.0028	 +1813.349	 +0.0291	 -3.2679
1779639248.968	 +100.0	 +10.0	 +5.0000	 -0.0000	      +inf	 +0.0027	 +1825.886	 +0.0164	 -3.2575
1779639249.068	 +100.0	 +10.0	 +5.0000	 -0.0000	      +inf	 +0.0031	 +1631.919	 +0.0177	 -3.2706
1779639249.168	 +100.0	 +10.0	 +5.0000	 -0.0000	      +inf	 -0.0048	 -1034.770	 +0.0231	 -3.2193
1779639249.268	 +100.0	 +10.0	 +5.0000	 -0.0000	      +inf	 -0.0036	 -1378.010	 +0.0240	 -3.2206
1779639249.368	 +100.0	 +10.0	 +5.0000	 -0.0000	      +inf	 +0.0042	 +1200.302	 +0.0243	 -3.2651
1779639249.468	 +100.0	 +10.0	 +5.0000	 -0.0000	      +inf	 +0.0043	 +1168.329	 +0.0347	 -3.2561
1779639249.569	 +100.0	 +10.0	 +5.0000	 -0.0000	      +inf	 -0.0043	 -1156.961	 +0.0239	 -3.2295
1779639249.669	 +100.0	 +10.0	 +5.0000	 -0.0000	      +inf	 +0.0032	 +1558.915	 +0.0305	 -3.2609
1779639249.768	 +100.0	 +10.0	 +5.0000	 -0.0000	      +inf	 -0.0046	 -1078.594	 +0.0192	 -3.2340
1779639249.868	 +100.0	 +10.0	 +5.0000	 -0.0000	      +inf	 -0.0032	 -1565.148	 +0.0334	 -3.2252
1779639249.968	 +100.0	 +10.0	 +5.0000	 -0.0000	      +inf	 -0.0043	 -1156.866	 +0.0153	 -3.2177
1779639250.069	 +100.0	 +10.0	 +5.0000	 -0.0000	      +inf	 -0.0042	 -1184.130	 +0.0224	 -3.2203
1779639250.168	 +100.0	 +10.0	 +5.0000	 -0.0000	      +inf	 +0.0037	 +1367.812	 +0.0237	 -3.2672
1779639250.268	 +100.0	 +10.0	 +5.0000	 -0.0000	      +inf	 +0.0040	 +1256.321	 +0.0270	 -3.2568
1779639250.368	 +100.0	 +10.0	 +5.0000	 -0.0000	      +inf	 -0.0039	 -1269.091	 +0.0167	 -3.2199
1779639250.468	 +100.0	 +10.0	 +5.0000	 -0.0000	      +inf	 -0.0043	 -1175.151	 +0.0188	 -3.2232
1779639250.568	 +100.0	 +10.0	 +5.0000	 -0.0000	      +inf	 -0.0041	 -1213.329	 +0.0235	 -3.2213
1779639250.669	 +100.0	 +10.0	 +5.0000	 -0.0000	      +inf	 -0.0048	 -1052.146	 +0.0268	 -3.2299
1779639250.769	 +100.0	 +10.0	 +5.0000	 -0.0000	      +inf	 +0.0037	 +1347.247	 +0.0331	 -3.2572
1779639250.869	 +100.0	 +10.0	 +5.0000	 -0.0000	      +inf	 +0.0029	 +1727.402	 +0.0192	 -3.2570
1779639250.968	 +100.0	 +10.0	 +5.0000	 -0.0000	      +inf	 +0.0035	 +1437.255	 +0.0207	 -3.2705
1779639251.068	 +100.0	 +10.0	 +5.0000	 -0.0000	      +inf	 -0.0034	 -1459.389	 +0.0339	 -3.2245
1779639251.168	 +100.0	 +10.0	 +5.0000	 -0.0000	      +inf	 +0.0035	 +1420.536	 +0.0206	 -3.2551
1779639251.268	 +100.0	 +10.0	 +5.0000	 -0.0000	      +inf	 -0.0037	 -1366.023	 +0.0226	 -3.2233
1779639251.368	 +100.0	 +10.0	 +5.0000	 -0.0000	      +inf	 -0.0045	 -1108.105	 +0.0290	 -3.2325
1779639251.468	 +100.0	 +10.0	 +5.0000	 -0.0000	      +inf	 +0.0037	 +1340.830	 +0.0306	 -3.2684
1779639251.568	 +100.0	 +10.0	 +5.0000	 -0.0000	      +inf	 +0.0041	 +1222.903	 +0.0227	 -3.2671
1779639251.668	 +100.0	 +10.0	 +5.0000	 -0.0000	      +inf	 +0.0037	 +1354.385	 +0.0167	 -3.2567
1779639251.769	 +100.0	 +10.0	 +5.0000	 -0.0000	      +inf	 +0.0047	 +1068.410	 +0.0190	 -3.2546
1779639251.868	 +100.0	 +10.0	 +5.0000	 -0.0000	      +inf	 -0.0038	 -1308.441	 +0.0275	 -3.2191
1779639251.968	 +100.0	 +10.0	 +5.0000	 -0.0000	      +inf	 -0.0040	 -1243.373	 +0.0162	 -3.2267
1779639252.068	 +100.0	 +10.0	 +5.0000	 -0.0000	      +inf	 +0.0046	 +1086.501	 +0.0168	 -3.2533
1779639252.169	 +100.0	 +10.0	 +5.0000	 -0.0000	      +inf	 -0.0034	 -1487.180	 +0.0293	 -3.2168
1779639252.268	 +100.0	 +10.0	 +5.0000	 -0.0000	      +inf	 -0.0044	 -1135.233	 +0.0248	 -3.2260
1779639252.368	 +100.0	 +10.0	 +5.0000	 -0.0000	      +inf	 -0.0042	 -1179.441	 +0.0225	 -3.2163
1779639252.468	 +100.0	 +10.0	 +5.0000	 -0.0000	      +inf	 -0.0045	 -1104.544	 +0.0302	 -3.2172
1779639252.568	 +100.0	 +10.0	 +5.0000	 -0.0000	      +inf	 -0.0035	 -1424.669	 +0.0298	 -3.2224
1779639252.668	 +100.0	 +10.0	 +5.0000	 -0.0000	      +inf	 +0.0039	 +1288.867	 +0.0197	 -3.2691
1779639252.768	 +100.0	 +10.0	 +5.0000	 -0.0000	      +inf	 -0.0036	 -1373.978	 +0.0218	 -3.2149
1779639252.868	 +100.0	 +10.0	 +5.0000	 -0.0000	      +inf	 -0.0033	 -1504.925	 +0.0198	 -3.2202
1779639252.968	 +100.0	 +10.0	 +5.0000	 -0.0000	      +inf	 -0.0049	 -1026.780	 +0.0316	 -3.2250
1779639253.069	 +100.0	 +10.0	 +5.0000	 -0.0000	      +inf	 -0.0047	 -1053.388	 +0.0298	 -3.2314
1779639253.168	 +100.0	 +10.0	 +5.0000	 -0.0000	      +inf	 -0.0032	 -1576.449	 +0.0268	 -3.2306
1779639253.269	 +100.0	 +10.0	 +5.0000	 -0.0000	      +inf	 +0.0046	 +1084.807	 +0.0267	 -3.2719
1779639253.368	 +100.0	 +10.0	 +5.0000	 -0.0000	      +inf	 +0.0033	 +1503.953	 +0.0239	 -3.2537
1779639253.468	 +100.0	 +10.0	 +5.0000	 -0.0000	      +inf	 +0.0033	 +1508.699	 +0.0344	 -3.2711
1779639253.569	 +100.0	 +10.0	 +5.0000	 -0.0000	      +inf	 -0.0043	 -1164.396	 +0.0286	 -3.2308
1779639253.669	 +100.0	 +10.0	 +5.0000	 -0.0000	      +inf	 +0.0039	 +1273.630	 +0.0272	 -3.2668
1779639253.769	 +100.0	 +10.0	 +5.0000	 -0.0000	      +inf	 -0.0047	 -1060.515	 +0.0334	 -3.2219
1779639253.869	 +100.0	 +10.0	 +5.0000	 -0.0000	      +inf	 +0.0044	 +1147.068	 +0.0252	 -3.2707
1779639253.968	 +100.0	 +10.0	 +5.0000	 -0.0000	      +inf	 -0.0038	 -1321.122	 +0.0265	 -3.2162
1779639254.068	 +100.0	 +10.0	 +5.0000	 -0.0000	      +inf	 -0.0033	 -1513.840	 +0.0346	 -3.2299
1779639254.169	 +100.0	 +10.0	 +5.0000	 -0.0000	      +inf	 +0.0028	 +1811.936	 +0.0264	 -3.2683
1779639254.268	 +100.0	 +10.0	 +5.0000	 -0.0000	      +inf	 +0.0033	 +1508.936	 +0.0324	 -3.2666
1779639254.368	 +100.0	 +10.0	 +5.0000	 -0.0000	      +inf	 +0.0043	 +1176.031	 +0.0265	 -3.2694
1779639254.468	 +100.0	 +10.0	 +5.0000	 -0.0000	      +inf	 -0.0037	 -1361.428	 +0.0156	 -3.2255
1779639254.568	 +100.0	 +10.0	 +5.0000	 -0.0000	      +inf	 +0.0033	 +1530.013	 +0.0186	 -3.2557
1779639254.668	 +100.0	 +10.0	 +5.0000	 -0.0000	      +inf	 -0.0046	 -1094.751	 +0.0191	 -3.2193
1779639254.769	 +100.0	 +10.0	 +5.0000	 -0.0000	      +inf	 -0.0045	 -1107.701	 +0.0179	 -3.2264
1779639254.868	 +100.0	 +10.0	 +5.0000	 -0.0000	      +inf	 -0.0036	 -1402.635	 +0.0306	 -3.2262
1779639254.969	 +100.0	 +10.0	 +5.0000	 -0.0000	      +inf	 +0.0035	 +1437.400	 +0.0205	 -3.2648
1779639255.069	 +100.0	 +10.0	 +5.0000	 -0.0000	      +inf	 -0.0032	 -1544.342	 +0.0261	 -3.2184
1779639255.168	 +100.0	 +10.0	 +5.0000	 -0.0000	      +inf	 +0.0041	 +1210.664	 +0.0228	 -3.2684
1779639255.268	 +100.0	 +10.0	 +5.0000	 -0.0000	      +inf	 -0.0044	 -1134.438	 +0.0151	 -3.2200
1779639255.368	 +100.0	 +10.0	 +5.0000	 -0.0000	      +inf	 -0.0043	 -1171.569	 +0.0198	 -3.2142
1779639255.468	 +100.0	 +10.0	 +5.0000	 -0.0000	      +inf	 -0.0049	 -1020.690	 +0.0306	 -3.2188
1779639255.568	 +100.0	 +10.0	 +5.0000	 -0.0000	      +inf	 +0.0036	 +1381.498	 +0.0300	 -3.2608
1779639255.668	 +100.0	 +10.0	 +5.0000	 -0.0000	      +inf	 -0.0048	 -1043.495	 +0.0342	 -3.2333
1779639255.769	 +100.0	 +10.0	 +5.0000	 -0.0000	      +inf	 +0.0036	 +1394.117	 +0.0288	 -3.2522
1779639255.869	 +100.0	 +10.0	 +5.0000	 -0.0000	      +inf	 -0.0045	 -1105.965	 +0.0148	 -3.2158
1779639255.968	 +100.0	 +10.0	 +5.0000	 -0.0000	      +inf	 +0.0035	 +1424.220	 +0.0220	 -3.2523
1779639256.068	 +100.0	 +10.0	 +5.0000	 -0.0000	      +inf	 +0.0040	 +1259.323	 +0.0209	 -3.2715
1779639256.168	 +100.0	 +10.0	 +5.0000	 -0.0000	      +inf	 +0.0033	 +1500.039	 +0.0254	 -3.2718
1779639256.268	 +100.0	 +10.0	 +5.0000	 -0.0000	      +inf	 -0.0030	 -1682.312	 +0.0187	 -3.2333
1779639256.368	 +100.0	 +10.0	 +5.0000	 -0.0000	      +inf	 -0.0043	 -1164.497	 +0.0254	 -3.2290
1779639256.468	 +100.0	 +10.0	 +5.0000	 -0.0000	      +inf	 +0.0030	 +1640.070	 +0.0323	 -3.2666
1779639256.569	 +100.0	 +10.0	 +5.0000	 -0.0000	      +inf	 -0.0041	 -1217.699	 +0.0186	 -3.2200
1779639256.668	 +100.0	 +10.0	 +5.0000	 -0.0000	      +inf	 +0.0039	 +1284.646	 +0.0237	 -3.2602
1779639256.769	 +100.0	 +10.0	 +5.0000	 -0.0000	      +inf	 +0.0036	 +1388.454	 +0.0308	 -3.2673
1779639256.868	 +100.0	 +10.0	 +5.0000	 -0.0000	      +inf	 -0.0031	 -1632.524	 +0.0177	 -3.2304
1779639256.969	 +100.0	 +10.0	 +5.0000	 -0.0000	      +inf	 +0.0039	 +1295.769	 +0.0303	 -3.2593
1779639257.068	 +100.0	 +10.0	 +5.0000	 -0.0000	      +inf	 +0.0040	 +1238.710	 +0.0201	 -3.2531
1779639257.169	 +100.0	 +10.0	 +5.0000	 -0.0000	      +inf	 -0.0038	 -1328.734	 +0.0306	 -3.2318
1779639257.268	 +100.0	 +10.0	 +5.0000	 -0.0000	      +inf	 +0.0036	 +1384.702	 +0.0174	 -3.2576
1779639257.369	 +100.0	 +10.0	 +5.0000	 -0.0000	      +inf	 +0.0036	 +1380.985	 +0.0166	 -3.2572
1779639257.468	 +100.0	 +10.0	 +5.0000	 -0.0000	      +inf	 +0.0040	 +1236.066	 +0.0272	 -3.2595
1779639257.568	 +100.0	 +10.0	 +5.0000	 -0.0000	      +inf	 -0.0036	 -1384.254	 +0.0224	 -3.2302
1779639257.669	 +100.0	 +10.0	 +5.0000	 -0.0000	      +inf	 +0.0028	 +1775.643	 +0.0321	 -3.2524
1779639257.769	 +100.0	 +10.0	 +5.0000	 -0.0000	      +inf	 +0.0040	 +1236.289	 +0.0181	 -3.2648
1779639257.869	 +100.0	 +10.0	 +5.0000	 -0.0000	      +inf	 +0.0030	 +1658.804	 +0.0258	 -3.2590
1779639257.968	 +100.0	 +10.0	 +5.0000	 -0.0000	      +inf	 -0.0033	 -1520.249	 +0.0261	 -3.2307
1779639258.068	 +100.0	 +10.0	 +5.0000	 -0.0000	      +inf	 +0.0034	 +1475.568	 +0.0335	 -3.2596
1779639258.168	 +100.0	 +10.0	 +5.0000	 -0.0000	      +inf	 -0.0038	 -1308.665	 +0.0174	 -3.2237
1779639258.269	 +100.0	 +10.0	 +5.0000	 -0.0000	      +inf	 +0.0044	 +1137.278	 +0.0215	 -3.2702
1779639258.369	 +100.0	 +10.0	 +5.0000	 -0.0000	      +inf	 +0.0033	 +1501.265	 +0.0178	 -3.2618
1779639258.469	 +100.0	 +10.0	 +5.0000	 -0.0000	      +inf	 +0.0027	 +1847.289	 +0.0268	 -3.2533
1779639258.568	 +100.0	 +10.0	 +5.0000	 -0.0000	      +inf	 -0.0044	 -1140.577	 +0.0244	 -3.2254
1779639258.669	 +100.0	 +10.0	 +5.0000	 -0.0000	      +inf	 +0.0030	 +1668.582	 +0.0285	 -3.2533
1779639258.768	 +100.0	 +10.0	 +5.0000	 -0.0000	      +inf	 +0.0034	 +1487.154	 +0.0246	 -3.2692
1779639258.868	 +100.0	 +10.0	 +5.0000	 -0.0000	      +inf	 +0.0036	 +1374.292	 +0.0185	 -3.2687
1779639258.969	 +100.0	 +10.0	 +5.0000	 -0.0000	      +inf	 +0.0038	 +1307.568	 +0.0164	 -3.2622
1779639259.068	 +100.0	 +10.0	 +5.0000	 -0.0000	      +inf	 -0.0048	 -1043.303	 +0.0281	 -3.2326
1779639259.169	 +100.0	 +10.0	 +5.0000	 -0.0000	      +inf	 +0.0038	 +1304.872	 +0.0322	 -3.2568
1779639259.268	 +100.0	 +10.0	 +5.0000	 -0.0000	      +inf	 -0.0049	 -1019.553	 +0.0230	 -3.2337
1779639259.368	 +100.0	 +10.0	 +5.0000	 -0.0000	      +inf	 -0.0044	 -1143.051	 +0.0335	 -3.2170
